326.083,-1.23446,-1.19535,-1.23637,-1.29783,-1.31086,-1.25956,-1.14864,-1.14347,-1.09071,-1.78981,-1.0358,-1.59995,-1.49503,-1.18254,-1.42062,-1.34474,-2.29556,-1.34808,-1.89589,-4.11577,-15.0399,-3.18597,-2.44,-0.512698,-1.31924,-0.498899,-1.45726,-0.606895,-0.617333,-1.19471,-1.69893,-1.12089,-1.03806,-1.18341,-1.22338,-1.26775,-1.597,-1.55277,-1.35919,-1.82692,-1.09705,-1.1229,-1.10862,-0.983414,-1.26284,-1.23671,-0.873669,-1.23978,-1.00139,-0.974681,-1.38448,-1.11738,-1.30883,-1.57927,-1.30974,-1.43706,-0.76252,-1.62984,-1.99894,-1.64713,-1.43681,-1.26043,-1.85219,-1.62513,-1.09831,-1.28541,-1.41195,-2.14848,-1.65781,-1.84822,-5.07193,-1.44467,-1.69654,-1.57741,-2.87718,-1.2423,-1.58287,-1.26365,-1.36158,-1.34429,-1.0861,-1.20121,-1.40908,-2.32688,-1.19908,-1.26364,-1.36959,-1.15187,-2.38684,-1.18149,-1.15683,-2.90804,-1.13186,-1.19266,-1.24047,-1.14655,-1.22997,-1.19468,-1.20729,-1.45737,-0.209159,-1.3843,-1.15413,-1.45711,-2.66269,-1.13929,-1.36723,-1.24131,-1.10535,-1.23211,-1.53872,-1.42356,-1.62515,-1.66994,-1.14205,-1.65146,-1.03445,-1.15486,-1.73327,-1.68474,-1.56592,-1.10163,-1.36054,-1.51114,-2.54635,-1.98787,-1.35116,-1.263,-1.15963,-1.3926,-1.40044,-1.26902,-2.32483,-1.15243,-1.26616,-1.09805,-1.95216,-1.91564,-2.16493,-3.81628,-1.7172,-2.37819,-1.12655,-1.17256,-1.11683,-1.48432,-1.18956,-1.21054,-1.11872,-1.26155,-1.35199,-1.16981,-1.26226,-1.17568,-1.21306,-1.20375,-1.34473,-1.56825,-2.3598,-3.17187,-1.35742,-1.68401,-2.10205,-1.43744,-2.65488,-1.59705,-1.47191,-1.34706,-1.41726,-1.32874,-1.41603,-3.42252,-1.26489,-1.03138,-1.12562,-1.37613,-1.15508,-1.06537,-1.29567,-2.60926,-1.29227,-1.15299,-3.68838,-0.998932,-2.13911,-1.49803,-1.08488,-2.26858,-1.21975,-1.43845,-1.16509,-1.15507,-1.99496,-1.32556,-1.3076,-1.18678,-1.16467,-1.11936,-1.14017,-1.70577,-0.976211,-0.991658,-1.17278,-2.43884,-2.21188,-1.64607,-1.48394,-2.36081
-1.23446,215.246,-0.00120662,-0.230414,-0.522123,-0.0037372,-0.175071,-0.20158,-0.719962,-0.996697,-1.29674,-1.28377,-1.19476,-0.566813,-1.33928,-1.05232,-1.61735,-1.26082,-1.49974,-1.10726,-1.2241,-1.19374,-1.238,-1.17556,-1.27798,-1.23706,-1.22572,-1.25234,-1.24125,-1.21389,-1.36443,-1.48753,-1.1361,-1.09458,-0.788426,-1.00988,-1.23798,-1.24753,-1.15483,-1.23368,-1.17245,-0.830061,-0.69963,-0.910832,-1.05044,-1.17003,-1.75899,-1.27298,-1.17262,-1.16576,-1.20296,-1.24434,-0.692565,-1.18839,-1.40037,-1.20979,-1.19234,-1.16528,-1.17799,-1.20149,-1.12136,-1.23012,-1.74561,-1.17931,-0.63885,-0.855266,-1.36883,-1.31099,-1.33541,-1.23432,-1.18101,-1.14253,-1.48597,-1.31523,-1.43712,-0.948039,-1.24525,-1.04722,-1.31765,-1.18336,-1.25559,-1.25766,-0.631264,-1.24305,-1.27569,-1.25056,-1.30246,-1.36278,-0.165834,-1.16434,-0.81276,-0.159672,-1.25732,-0.835245,-0.2744,-0.172162,-0.207891,-0.000798356,-0.574778,-1.76036,-1.60303,-1.2434,-1.68033,-1.32096,-1.2463,-1.27658,-1.07684,-1.25112,-1.72883,-1.25108,-1.22796,-1.41297,-1.23763,-1.21915,-1.19729,-1.02623,-0.773155,-1.26697,-1.22691,-1.02245,-0.697488,-0.580433,-1.44124,-1.23138,-1.29268,-1.33585,-1.18138,-1.15376,-1.21298,-0.662265,-0.515238,-1.13126,-1.21186,-1.18673,-1.05214,-1.2134,-0.842475,-1.28054,-1.12549,-1.23907,-1.12965,-1.17832,-1.16412,-0.801963,-0.64464,-0.9455,-1.02072,-0.629745,-1.08021,-1.15079,-0.533794,-0.00110166,-0.00634809,-0.175879,-0.668998,-0.0140456,-0.173706,-1.23449,-1.54554,-1.26708,-1.24582,-1.1952,-1.22696,-0.833063,-1.08047,-1.1418,-1.01253,-0.94873,-0.66238,-0.561245,-1.23592,-1.40442,-1.12896,-1.23374,-1.3215,-1.07283,-1.23712,-1.32263,-1.30407,-1.16981,-1.16721,-1.74266,-1.3965,-1.3461,-1.20511,-1.18506,-0.567204,-0.882705,-0.829222,-1.15989,-0.279783,-0.00223235,-0.00677424,-1.18178,-0.175621,-0.152879,-0.145872,-0.107021,-0.432582,-0.756663,-1.38002,-1.26019,-1.33629,-1.41242,-1.18216,-1.17642,-1.19523,-1.21723,-1.2748
-1.19535,-0.00120662,215.256,-0.00117778,-1.17214,-0.00238037,-0.319438,-0.825862,-0.440036,-0.549882,-1.28584,-1.44426,-1.08451,-0.847741,-1.30873,-0.596944,-1.28244,-1.22637,-1.40155,-1.28352,-1.15792,-1.15053,-1.13767,-1.21412,-1.18462,-1.51049,-1.23125,-1.36806,-1.33076,-1.34006,-1.46223,-1.2195,-0.996949,-1.04169,-0.427684,-0.387338,-1.54735,-1.34814,-1.12798,-1.35976,-1.11453,-0.853538,-1.04902,-0.782115,-1.0128,-1.13665,-1.36721,-1.29531,-1.14501,-1.1645,-1.13886,-1.4845,-1.11943,-1.1167,-1.22216,-0.797108,-1.10623,-1.19885,-1.13516,-1.06627,-1.17521,-1.05756,-1.3055,-1.09245,-0.711832,-0.828347,-1.27523,-1.30932,-1.22028,-1.3573,-1.09082,-1.07863,-1.21955,-1.26819,-1.33169,-0.883354,-1.32958,-0.810106,-1.32753,-0.795676,-1.46238,-1.38984,-1.21306,-1.51412,-1.26526,-1.39015,-1.35048,-1.29051,-0.686379,-1.09565,-0.162303,-0.984521,-1.27008,-0.790491,-1.11305,-0.406216,-0.684796,-0.00815163,-1.22665,-1.3778,-1.23675,-1.25835,-1.23792,-1.59133,-1.48377,-1.23881,-1.22975,-1.44441,-1.33202,-1.39757,-1.38218,-1.22306,-1.3752,-1.34963,-1.07799,-0.711698,-0.610078,-1.39078,-0.832932,-0.795485,-0.603297,-0.766884,-1.6215,-1.45891,-1.33089,-1.20647,-1.08559,-1.13789,-0.614927,-1.12497,-0.902093,-1.1626,-1.09207,-1.07896,-0.698761,-0.613661,-0.84077,-1.26441,-1.14076,-1.32656,-1.11267,-1.09862,-1.09618,-0.822857,-1.08092,-0.758039,-0.557432,-1.11274,-0.646116,-1.15432,-1.25659,-0.00173201,-0.00485364,-0.309785,-0.315111,-0.00287568,-0.778476,-1.55187,-1.22063,-1.28075,-1.15514,-1.09728,-1.04453,-0.880072,-0.56009,-1.00324,-1.21298,-0.5118,-0.217495,-0.95373,-1.5287,-1.24002,-1.11614,-1.36194,-1.35895,-0.715837,-1.34644,-1.58666,-1.36403,-1.13532,-1.08763,-1.22347,-1.52596,-1.22955,-1.25159,-1.07481,-0.84419,-1.1267,-0.902486,-0.595577,-0.246412,-0.00151514,-0.00841645,-1.08469,-0.16424,-0.198065,-1.83723,-0.618912,-0.857166,-0.432787,-1.21735,-1.40241,-1.35497,-1.25903,-1.08594,-1.10074,-1.08186,-1.0808,-1.26707
-1.23637,-0.230414,-0.00117778,215.331,-0.521473,-0.00977919,-0.175472,-0.200476,-0.726556,-0.991277,-1.30013,-1.28329,-1.19546,-0.567668,-1.34536,-1.06081,-1.61863,-1.26316,-1.49832,-1.10885,-1.22598,-1.19576,-1.24012,-1.17621,-1.2796,-1.23836,-1.22678,-1.25467,-1.24134,-1.21439,-1.36304,-1.49177,-1.13351,-1.09144,-0.776524,-0.995822,-1.23875,-1.24865,-1.15493,-1.23476,-1.17323,-0.824188,-0.696094,-0.90391,-1.04606,-1.17016,-1.75671,-1.27306,-1.17278,-1.16548,-1.20272,-1.24602,-0.689421,-1.18877,-1.40265,-1.21382,-1.193,-1.16418,-1.17855,-1.20388,-1.12191,-1.23241,-1.74585,-1.18006,-0.641324,-0.849084,-1.37477,-1.31523,-1.3386,-1.23507,-1.18177,-1.14387,-1.4919,-1.31897,-1.43733,-0.951083,-1.24607,-1.05243,-1.32275,-1.18814,-1.25594,-1.25773,-0.629649,-1.24409,-1.2783,-1.25032,-1.30204,-1.36279,-0.164795,-1.16527,-0.769971,-0.158825,-1.25965,-0.828938,-0.273241,-0.172359,-0.206613,-0.00257555,-0.572417,-1.75773,-1.60662,-1.24321,-1.68452,-1.31938,-1.24782,-1.27947,-1.07511,-1.25411,-1.72784,-1.25113,-1.22871,-1.41444,-1.23796,-1.22028,-1.19817,-1.01867,-0.778357,-1.26682,-1.2258,-1.02733,-0.701757,-0.581903,-1.43754,-1.23342,-1.29644,-1.33903,-1.18231,-1.15357,-1.21245,-0.659575,-0.515713,-1.13147,-1.21261,-1.18841,-1.04465,-1.21313,-0.836426,-1.28331,-1.12584,-1.24039,-1.13069,-1.17886,-1.16503,-0.79612,-0.641772,-0.938259,-1.02867,-0.627233,-1.07323,-1.15017,-0.532655,-0.00344541,-0.0117081,-0.176356,-0.655646,-0.0306267,-0.173545,-1.23616,-1.55063,-1.26942,-1.24782,-1.1954,-1.22734,-0.835586,-1.08787,-1.1451,-1.01265,-0.958881,-0.67831,-0.561478,-1.23684,-1.40596,-1.12991,-1.23497,-1.32123,-1.065,-1.2386,-1.3212,-1.30378,-1.16999,-1.16835,-1.7483,-1.39443,-1.34843,-1.2051,-1.18629,-0.56808,-0.87942,-0.831396,-1.14977,-0.281981,-0.00440625,-0.0100863,-1.18273,-0.176899,-0.153555,-0.145505,-0.106564,-0.432505,-0.76402,-1.38317,-1.26016,-1.33595,-1.4134,-1.18368,-1.17756,-1.19601,-1.21867,-1.27739
-1.29783,-0.522123,-1.17214,-0.521473,229.934,-0.527488,-0.940421,-0.909352,-0.793115,-0.796982,-1.50013,-1.84056,-0.961657,-0.664756,-1.54792,-0.446246,-1.32873,-1.36187,-1.53904,-1.46994,-1.16649,-1.11442,-1.09396,-1.23208,-1.24778,-2.24806,-1.36958,-1.77062,-1.57457,-1.66032,-1.73635,-1.26395,-0.693046,-0.738352,-0.302478,-0.282768,-2.37597,-1.6548,-1.04703,-1.70144,-1.07749,-0.499918,-0.715571,-0.449777,-0.745708,-1.10585,-1.40346,-1.44001,-1.14757,-1.17721,-1.11417,-2.15661,-0.935787,-1.06355,-1.27137,-0.567949,-1.04798,-1.23133,-1.15032,-1.03302,-1.28009,-1.00272,-1.33083,-0.983808,-0.576694,-0.481259,-1.46876,-1.57673,-1.31233,-1.64389,-0.98051,-0.94508,-1.30831,-1.45538,-1.46395,-0.770762,-1.59668,-0.652039,-1.61052,-0.584975,-1.97783,-1.71679,-1.88676,-2.22851,-1.44475,-1.66861,-1.51113,-1.35297,-1.05202,-1.00115,-0.587164,-1.12481,-1.43296,-0.313119,-1.10751,-1.04631,-0.874862,-1.29522,-0.0101263,-1.42355,-1.26529,-1.36556,-1.26746,-2.16352,-2.13196,-1.35321,-1.11236,-1.97532,-1.3649,-1.74743,-1.76446,-1.22644,-1.67218,-1.65179,-0.952795,-0.407819,-0.415241,-1.69775,-0.526712,-0.552428,-0.291936,-0.497842,-1.94204,-2.06829,-1.63008,-1.2531,-0.974343,-1.05792,-0.360438,-0.907644,-0.00575564,-1.18793,-1.01406,-1.01827,-0.400723,-0.35998,-0.490314,-1.45759,-1.09773,-1.57311,-1.05604,-0.991414,-1.00195,-0.32871,-0.556578,-0.434675,-0.236156,-0.629797,-0.255119,-1.07573,-0.040183,-0.630718,-0.587425,-0.923962,-0.423556,-0.531977,-1.14461,-2.39366,-1.26772,-1.48531,-1.13809,-0.973766,-0.803201,-0.590083,-0.234092,-0.80199,-1.25426,-0.0025748,-0.329362,-1.06602,-2.29204,-1.29359,-1.06172,-1.73207,-1.57797,-0.467202,-1.69008,-2.17066,-1.58488,-1.10474,-0.98884,-1.23911,-1.8658,-1.28559,-1.32029,-0.958854,-0.655763,-0.69622,-0.626378,-0.00413836,-0.419704,-0.60226,-0.663909,-0.972994,-0.719849,-0.873448,-1.3779,-1.07469,-1.10641,-0.793458,-1.30613,-1.76504,-1.56306,-1.33317,-1.03135,-1.05602,-0.958551,-1.02653,-1.44964
-1.31086,-0.0037372,-0.00238037,-0.00977919,-0.527488,219.23,-0.20416,-0.174518,-0.988598,-0.749166,-1.45472,-1.28555,-1.20524,-0.634428,-1.66374,-1.28671,-1.60056,-1.35997,-1.43372,-1.20225,-1.29486,-1.27591,-1.31238,-1.20932,-1.33162,-1.32813,-1.27262,-1.37641,-1.25782,-1.25297,-1.32386,-1.61634,-1.02826,-0.982951,-0.4925,-0.586539,-1.3075,-1.31046,-1.15598,-1.29819,-1.19647,-0.666032,-0.60939,-0.707885,-0.90748,-1.17161,-1.6085,-1.28093,-1.17645,-1.15596,-1.18555,-1.35066,-0.614495,-1.19354,-1.46414,-1.25932,-1.20597,-1.12968,-1.19579,-1.28132,-1.15313,-1.29569,-1.66313,-1.19598,-0.783672,-0.678469,-1.6615,-1.52025,-1.4587,-1.2837,-1.19799,-1.18948,-1.71133,-1.4848,-1.42962,-1.08341,-1.29291,-1.24902,-1.58436,-1.28017,-1.29645,-1.27846,-0.603872,-1.32174,-1.39297,-1.25968,-1.29414,-1.35334,-0.142995,-1.19239,-0.271125,-0.141414,-1.36498,-0.656486,-0.250289,-0.190074,-0.176344,-0.00180193,-0.521885,-1.60151,-1.67164,-1.23946,-1.74871,-1.29047,-1.34476,-1.40255,-1.03104,-1.4229,-1.61741,-1.27276,-1.28088,-1.43877,-1.27025,-1.28652,-1.21368,-0.777521,-1.03696,-1.27829,-1.10292,-1.20841,-0.928058,-0.676742,-1.3316,-1.35544,-1.48209,-1.45493,-1.2045,-1.14533,-1.00776,-0.598363,-0.566671,-1.14559,-1.22281,-1.23991,-0.795726,-1.01341,-0.672183,-1.40494,-1.14313,-1.3096,-1.17182,-1.18856,-1.19178,-0.63979,-0.574914,-0.727372,-1.1973,-0.571083,-0.811053,-1.12817,-0.52081,-0.00223977,-0.0017725,-0.206914,-0.377787,-0.000824456,-0.176297,-1.3488,-1.70073,-1.37508,-1.31725,-1.1889,-1.21009,-0.966727,-1.17063,-1.2671,-1.04165,-1.32207,-1.11879,-0.601028,-1.31069,-1.43933,-1.16821,-1.30529,-1.31743,-0.808557,-1.31829,-1.29696,-1.30196,-1.17311,-1.20196,-1.84529,-1.33617,-1.42709,-1.21254,-1.21811,-0.635897,-0.793522,-0.946002,-0.799809,-0.431229,-0.0022745,-0.00303837,-1.2056,-0.268545,-0.198844,-0.140705,-0.0943746,-0.453105,-1.02408,-1.48895,-1.27832,-1.32674,-1.42657,-1.23089,-1.21266,-1.2087,-1.25342,-1.39104
-1.25956,-0.175071,-0.319438,-0.175472,-0.940421,-0.20416,215.357,-0.00354503,-0.507446,-0.422245,-1.43032,-1.34973,-1.08248,-1.1669,-1.68509,-0.766231,-1.24461,-1.30826,-1.26896,-1.34616,-1.20718,-1.19887,-1.18238,-1.19516,-1.22281,-1.57894,-1.25595,-1.49608,-1.28942,-1.33314,-1.30518,-1.28461,-0.908629,-0.916926,-0.419797,-0.416939,-1.56143,-1.3671,-1.10312,-1.38133,-1.12981,-0.696556,-0.778767,-0.674846,-0.877317,-1.12196,-1.23477,-1.24895,-1.13603,-1.13356,-1.11252,-1.58864,-0.829629,-1.11215,-1.24813,-0.884392,-1.11296,-1.1274,-1.14723,-1.14973,-1.19595,-1.1265,-1.23309,-1.09406,-1.12061,-0.688249,-1.55458,-1.53302,-1.30845,-1.34353,-1.09315,-1.10286,-1.36311,-1.41985,-1.27256,-1.07848,-1.33099,-1.00421,-1.64615,-0.905823,-1.42292,-1.33427,-0.968097,-1.54627,-1.36098,-1.30534,-1.25922,-1.22303,-0.435467,-1.10795,-0.303335,-0.466093,-1.34679,-0.641379,-0.575622,-0.0150463,-0.00273839,-0.461226,-0.713452,-1.23945,-1.25609,-1.21135,-1.25922,-1.39114,-1.56346,-1.33332,-1.06963,-1.68435,-1.23186,-1.34101,-1.38133,-1.20744,-1.33074,-1.36803,-1.08301,-0.659108,-0.885602,-1.32101,-0.82677,-0.965785,-0.890672,-1.15102,-1.32323,-1.60237,-1.53712,-1.28006,-1.09505,-1.09921,-0.661645,-0.831405,-1.13655,-1.15436,-1.10013,-1.12955,-0.657238,-0.662252,-0.692374,-1.3732,-1.13064,-1.35004,-1.13834,-1.09235,-1.10796,-0.651047,-0.764337,-0.668671,-0.675028,-0.789179,-0.61218,-1.09353,-0.853852,-0.337879,-0.174273,-0.155078,-0.368932,-0.172117,-0.0139724,-1.67934,-1.29827,-1.36656,-1.1976,-1.07616,-1.0094,-1.09701,-0.656957,-1.09555,-1.17723,-0.606957,-0.316327,-1.1241,-1.55213,-1.23831,-1.13776,-1.40039,-1.28752,-0.676677,-1.40175,-1.39974,-1.28685,-1.1229,-1.10832,-1.26072,-1.33027,-1.26396,-1.20189,-1.0959,-1.16729,-0.882078,-1.09912,-0.521413,-0.538342,-0.176169,-0.185643,-1.09503,-0.685333,-1.31579,-0.640195,-0.395345,-1.01965,-0.515686,-1.29195,-1.34447,-1.28207,-1.24,-1.1315,-1.13151,-1.08326,-1.11927,-1.36169
-1.14864,-0.20158,-0.825862,-0.200476,-0.909352,-0.174518,-0.00354503,216.788,-0.406323,-0.531992,-1.18658,-1.35153,-1.07018,-0.780057,-1.1813,-0.684805,-1.25809,-1.16313,-1.35825,-1.13136,-1.11119,-1.08313,-1.08919,-1.14064,-1.15342,-1.34258,-1.18253,-1.24798,-1.26225,-1.25792,-1.38438,-1.16669,-1.04115,-1.08502,-0.609045,-0.534899,-1.37553,-1.2499,-1.1034,-1.25488,-1.09723,-1.04518,-1.18861,-0.964861,-1.11108,-1.12155,-1.36239,-1.23884,-1.13224,-1.15193,-1.13884,-1.32425,-1.24211,-1.10645,-1.17822,-0.854723,-1.09594,-1.19272,-1.12273,-1.05556,-1.14106,-1.05501,-1.29379,-1.07316,-0.716135,-1.01828,-1.16991,-1.19786,-1.15658,-1.24956,-1.072,-1.03985,-1.15959,-1.17716,-1.28365,-0.888406,-1.24575,-0.839743,-1.19833,-0.848526,-1.33521,-1.29721,-1.18193,-1.34716,-1.18103,-1.29185,-1.27691,-1.23761,-3.61205,-1.07079,-0.405026,-3.05535,-1.17495,-0.952443,-1.23755,-0.000868423,-0.011478,-0.450264,-1.12537,-1.37749,-1.2009,-1.22071,-1.20985,-1.47283,-1.3228,-1.15191,-1.17373,-1.27138,-1.32264,-1.30126,-1.27356,-1.17983,-1.26917,-1.23497,-1.06362,-0.874151,-0.654566,-1.30338,-0.907086,-0.813233,-0.620544,-0.724882,-1.55536,-1.29432,-1.2085,-1.13886,-1.0662,-1.11451,-0.73152,-1.19904,-0.730436,-1.13251,-1.08731,-1.06326,-0.856311,-0.729423,-1.03172,-1.18366,-1.104,-1.22169,-1.07529,-1.07984,-1.0713,-0.987391,-1.14597,-0.935043,-0.619363,-1.14365,-0.769076,-1.13269,-0.995037,-0.178104,-0.29327,-0.00196316,-0.545589,-0.217326,-0.00975461,-1.35131,-1.17061,-1.19275,-1.10601,-1.08539,-1.02718,-0.831546,-0.628944,-0.956522,-1.11085,-0.520516,-0.291565,-0.855808,-1.35639,-1.19897,-1.0787,-1.25824,-1.29777,-0.887038,-1.24495,-1.46919,-1.29426,-1.11989,-1.06302,-1.19666,-1.45207,-1.16515,-1.19229,-1.05548,-0.777607,-1.14567,-0.849734,-0.665169,-0.293941,-0.315169,-0.42253,-1.06533,-0.322616,-0.363825,-1.08125,-2.74993,-0.731393,-0.427986,-1.16914,-1.31229,-1.30079,-1.224,-1.06926,-1.0834,-1.0673,-1.07659,-1.18239
-1.14347,-0.719962,-0.440036,-0.726556,-0.793115,-0.988598,-0.507446,-0.406323,211.64,-0.225455,-1.21218,-1.13575,-1.09226,-0.885331,-1.32143,-1.09105,-1.2308,-1.16568,-1.17988,-1.1151,-1.1351,-1.13011,-1.13978,-1.10279,-1.14568,-1.17235,-1.12794,-1.18743,-1.123,-1.12538,-1.14521,-1.24456,-1.01335,-0.995509,-0.787128,-0.843531,-1.16151,-1.15059,-1.07564,-1.14734,-1.09231,-0.849349,-0.821501,-0.87064,-0.960561,-1.08146,-1.23211,-1.12839,-1.08358,-1.07512,-1.0838,-1.18251,-0.822964,-1.08884,-1.19195,-1.09322,-1.09376,-1.0629,-1.09164,-1.12514,-1.08046,-1.12679,-1.24789,-1.09026,-0.975669,-0.855739,-1.30118,-1.24682,-1.19948,-1.13904,-1.09091,-1.09155,-1.28495,-1.22161,-1.18005,-1.06325,-1.14063,-1.11351,-1.28487,-1.10308,-1.14719,-1.13385,-0.826146,-1.16708,-1.18271,-1.12498,-1.13343,-1.15133,-0.466518,-1.09076,-0.656769,-0.465517,-1.17227,-0.84741,-0.614379,-0.469518,-0.407825,-0.456527,-0.771424,-1.2303,-1.25475,-1.11024,-1.27607,-1.13819,-1.17835,-1.18504,-1.0232,-1.22279,-1.23416,-1.13214,-1.14002,-1.17922,-1.13206,-1.14318,-1.09555,-0.903988,-1.06489,-1.13233,-1.03587,-1.10018,-1.03817,-0.918023,-1.14674,-1.18729,-1.23323,-1.19616,-1.0937,-1.07088,-0.994811,-0.818351,-0.840018,-1.07491,-1.0985,-1.10922,-0.912223,-0.996747,-0.852519,-1.18778,-1.07388,-1.15039,-1.08671,-1.08714,-1.09051,-0.838526,-0.806771,-0.880273,-1.06456,-0.806131,-0.921675,-1.06329,-0.781535,-0.835402,-0.52965,-0.514428,-0.736516,-0.652665,-0.42861,-1.18862,-1.27086,-1.17647,-1.14213,-1.08515,-1.08808,-1.03049,-1.05164,-1.12391,-1.0396,-1.09652,-1.00696,-0.855044,-1.16298,-1.18197,-1.08514,-1.15131,-1.14287,-0.915357,-1.15685,-1.1414,-1.13784,-1.08217,-1.09457,-1.30291,-1.15019,-1.18345,-1.1019,-1.09907,-0.886555,-0.913891,-1.01917,-0.911868,-0.930795,-0.515062,-0.477931,-1.09412,-0.818942,-0.66633,-0.47424,-0.455426,-0.0841304,-1.37309,-1.20542,-1.13388,-1.14528,-1.17676,-1.10602,-1.09891,-1.09368,-1.11105,-1.18203
-1.09071,-0.996697,-0.549882,-0.991277,-0.796982,-0.749166,-0.422245,-0.531992,-0.225455,210.155,-1.10378,-1.1215,-1.07542,-0.821723,-1.11434,-1.01322,-1.20657,-1.09689,-1.18757,-1.02853,-1.08222,-1.06473,-1.08207,-1.06606,-1.10609,-1.09721,-1.09216,-1.09687,-1.10273,-1.09246,-1.14899,-1.15719,-1.07172,-1.06457,-1.0438,-1.06007,-1.10084,-1.09791,-1.06642,-1.0936,-1.07232,-1.02161,-0.954231,-1.04828,-1.06802,-1.07517,-1.25812,-1.11028,-1.07773,-1.07824,-1.08968,-1.09845,-0.948229,-1.07944,-1.13858,-1.06796,-1.07917,-1.08415,-1.07804,-1.07639,-1.05974,-1.08579,-1.24344,-1.07047,-0.855153,-1.03095,-1.12295,-1.10887,-1.11569,-1.09145,-1.0709,-1.05117,-1.15724,-1.10924,-1.16137,-0.984747,-1.09921,-1.01463,-1.10918,-1.0589,-1.10621,-1.10727,-0.896468,-1.0989,-1.0994,-1.10258,-1.11912,-1.13389,-0.67268,-1.06481,-1.13679,-0.648966,-1.09054,-1.01776,-0.74126,-0.42424,-0.549232,-0.515088,-0.857981,-1.26204,-1.19262,-1.10364,-1.21353,-1.14163,-1.09805,-1.09419,-1.04475,-1.09158,-1.24438,-1.10524,-1.09356,-1.14075,-1.09502,-1.08432,-1.07523,-1.07245,-0.912908,-1.11143,-1.08734,-1.00183,-0.875016,-0.824316,-1.19138,-1.08967,-1.10265,-1.11148,-1.07012,-1.06778,-1.07468,-0.926708,-0.775135,-1.0624,-1.08463,-1.07225,-1.07594,-1.07393,-1.02631,-1.10221,-1.0556,-1.08979,-1.05299,-1.07119,-1.06481,-1.0056,-0.916749,-1.05708,-0.992779,-0.904663,-1.06545,-1.06957,-0.813204,-0.55423,-0.972018,-0.42243,-1.05631,-1.04217,-0.441236,-1.09296,-1.173,-1.09791,-1.08654,-1.0781,-1.07658,-0.928348,-1.01132,-1.03701,-1.00921,-0.942514,-0.896847,-0.825814,-1.09725,-1.14284,-1.05321,-1.09473,-1.13051,-1.08705,-1.09442,-1.14235,-1.12343,-1.07483,-1.06464,-1.22598,-1.16717,-1.1181,-1.0845,-1.06971,-0.821717,-0.997342,-0.928724,-1.06273,-0.67881,-0.939278,-0.826373,-1.07011,-0.591268,-0.553612,-0.588286,-0.632051,-0.218921,-0.366503,-1.13236,-1.11067,-1.13629,-1.14974,-1.07156,-1.07165,-1.07512,-1.08481,-1.09924
-1.78981,-1.29674,-1.28584,-1.30013,-1.50013,-1.45472,-1.43032,-1.18658,-1.21218,-1.10378,267.171,-0.186632,-1.51495,-2.1616,-0.927595,-1.80355,-0.253067,-1.62942,-0.216484,-2.14653,-1.713,-2.43228,-1.67237,-1.45141,-1.27396,-0.401141,-1.31829,-0.575731,-0.645423,-0.773907,-0.148672,-0.258628,-1.22221,-1.15748,-1.22972,-1.28281,-0.363901,-0.490683,-1.48571,-0.477869,-1.71344,-1.19008,-1.2474,-1.19627,-1.14263,-1.45869,-0.418585,-0.619178,-1.48906,-1.35042,-1.2913,-0.526303,-1.26435,-1.47461,-0.378222,-1.63949,-1.54721,-1.13897,-1.6635,-2.29118,-1.88869,-1.85847,-0.378682,-1.61394,-2.87074,-1.18964,-0.931676,-1.16302,-0.713466,-0.572133,-1.61162,-2.25289,-0.510108,-0.66913,-0.0689142,-10.1863,-0.621467,-2.66674,-0.98595,-1.77319,-0.0239311,-0.313475,-1.4286,-0.350631,-1.20172,-0.409458,-0.387439,-0.389329,-1.22362,-1.78832,-1.23561,-1.23723,-1.44771,-1.19536,-1.3067,-1.38572,-1.17957,-1.35954,-1.27028,-0.425019,-0.262883,-0.853678,-0.396597,-0.255725,-0.427066,-1.85837,-1.11846,-0.857761,-0.372302,-0.345268,-0.433884,-0.444563,-0.482284,-0.656199,-1.55469,-1.22997,-2.62138,-0.297738,-1.30939,-2.78273,-2.75033,-2.44782,-0.363516,-0.643035,-1.08741,-0.888771,-1.67321,-1.38727,-1.39885,-1.30977,-1.77994,-1.60715,-1.47575,-2.01125,-1.24192,-1.40398,-1.18993,-1.63102,-1.69559,-0.742316,-2.14011,-1.55127,-1.78471,-1.1931,-1.28666,-1.20385,-1.77194,-1.3169,-1.27745,-1.25569,-1.4106,-1.6141,-1.1983,-1.43669,-1.2263,-1.26088,-1.30457,-0.650084,-0.339348,-1.05286,-1.53117,-1.37929,-1.4005,-5.62495,-1.66371,-3.43347,-1.73747,-1.74045,-1.50016,-1.89036,-0.333764,-0.327354,-2.07818,-0.537778,-0.312353,-1.22559,-0.626718,-0.241162,-0.287065,-1.47629,-1.86354,-0.438742,-0.222834,-0.684224,-0.953659,-1.75867,-2.17255,-1.18664,-5.90456,-1.23585,-1.84486,-1.1926,-1.18376,-1.67787,-1.61445,-1.59045,-1.30566,-1.24045,-1.19008,-1.20955,-0.615598,-0.3431,-0.341236,-0.332234,-1.9891,-1.85707,-1.53737,-1.68958,-1.17963
-1.0358,-1.28377,-1.44426,-1.28329,-1.84056,-1.28555,-1.34973,-1.35153,-1.13575,-1.1215,-0.186632,299.483,-1.90106,-1.87583,-0.497239,-1.35931,-0.377118,-0.547966,-0.645795,-1.63053,-1.15698,-1.42456,-1.131,-2.90549,-0.998001,-0.530855,-1.47011,-0.181989,-2.24538,-1.49304,-1.09484,-0.29949,-1.89195,-1.98103,-1.41948,-1.38878,-0.631812,-0.484317,-2.90845,-0.47186,-2.22927,-1.65961,-1.87601,-1.59022,-1.78831,-2.6721,-0.655002,-1.39248,-2.74489,-3.21178,-2.21916,-0.505159,-1.905,-2.17131,-0.235639,-1.34456,-2.00675,-3.1472,-2.456,-1.37398,-3.88827,-1.31049,-0.532692,-2.07663,-1.65462,-1.63394,-0.417978,-0.326733,-0.218981,-1.25741,-2.04485,-2.20356,-0.294176,-0.143483,-0.254369,-1.93398,-0.798761,-1.36157,-0.460721,-1.33537,-0.604986,-1.33065,-2.08198,-0.641292,-0.234804,-6.74235,-1.63343,-0.795802,-1.41532,-2.17718,-1.28297,-1.42164,-0.574914,-1.63303,-1.60006,-1.36598,-1.34805,-1.45433,-1.79258,-0.656299,-0.348838,-2.04474,-0.41828,-1.45531,-0.541416,-0.484279,-3.71949,-0.557172,-0.566331,-1.61749,-0.622058,-0.533056,-1.90783,-0.900931,-1.81509,-1.52413,-1.47085,-1.9423,-1.45374,-1.42752,-1.51111,-1.77541,-1.00855,-0.528155,-0.35562,-0.460064,-1.96954,-3.08609,-1.41971,-1.99652,-1.72977,-4.1208,-1.75498,-1.63756,-1.51296,-1.41826,-1.64723,-0.182537,-3.7031,-0.875175,-2.53984,-2.16938,-2.18878,-1.661,-1.94341,-1.56773,-1.40644,-1.99068,-1.49879,-3.23883,-1.85254,-1.32703,-1.31873,-1.34687,-1.37498,-1.2897,-1.37753,-0.685808,-0.331688,-0.28272,-1.06604,-2.02152,-1.77117,-1.86922,-1.40414,-1.40595,-4.58707,-1.34149,-1.31957,-1.98479,-0.638414,-0.250344,-2.64471,-0.28415,-0.49844,-1.4906,-0.267895,-1.48597,-0.871716,-2.65123,-2.02658,-0.437322,-0.98409,-0.545073,-3.12714,-1.81015,-1.87177,-2.15237,-2.07527,-1.41272,-1.39001,-1.3258,-1.35116,-1.95379,-1.32236,-1.36432,-1.43953,-1.42866,-1.19432,-1.13539,-0.170397,-1.23341,-0.48966,-0.201376,-1.73074,-1.9658,-1.86759,-1.56484,-0.237215
-1.59995,-1.19476,-1.08451,-1.19546,-0.961657,-1.20524,-1.08248,-1.07018,-1.09226,-1.07542,-1.51495,-1.90106,341.256,-0.960761,-1.24292,-1.19665,-3.86972,-1.58442,-3.91144,-1.05818,-1.25119,-1.1691,-1.33973,-1.29282,-2.98084,-1.42205,-1.81233,-1.44312,-1.72253,-1.42712,-2.39407,-2.43535,-0.872745,-0.742785,-1.14573,-1.1824,-1.44654,-1.6717,-0.0697697,-1.51552,-1.6017,-1.01739,-0.973043,-1.05223,-0.87406,-1.22508,-2.71088,-2.44148,-1.74802,-1.2217,-2.10232,-1.44547,-0.969359,-2.39361,-3.90783,-1.0743,-3.85368,-1.00443,-2.64203,-1.26144,-1.05672,-1.45804,-2.89419,-0.224503,-1.01191,-1.02747,-1.34954,-1.40278,-1.896,-1.60332,-0.271642,-1.00864,-1.7778,-1.53245,-11.2103,-1.18906,-1.74216,-0.979126,-1.29693,-1.0686,-1.66258,-1.78151,-0.958147,-1.48489,-1.59383,-1.69598,-2.48568,-5.99066,-1.08605,-0.17145,-1.17109,-1.08143,-1.55176,-1.03604,-1.05689,-1.07614,-1.07393,-1.08742,-0.97551,-2.66418,-2.89972,-1.89934,-2.61207,-1.82356,-1.47582,-1.5358,-0.648621,-1.32276,-2.9095,-1.71817,-1.49749,-6.6608,-1.63154,-1.41755,-0.849795,-1.10638,-1.11534,-1.8633,-1.03404,-0.950992,-1.08044,-0.978206,-1.91228,-1.35225,-1.41255,-1.93128,-0.231928,-0.0633889,-1.20312,-0.969262,-0.962366,-0.691941,-11.8152,-1.05429,-1.11946,-1.20432,-1.02266,-1.58535,-0.0651247,-1.60913,-0.0436184,-0.179677,-0.136629,-1.02022,-0.969053,-1.06815,-1.21652,-0.96674,-1.15013,-0.036339,-0.96571,-1.15811,-1.14903,-1.08366,-1.15391,-1.18433,-1.06786,-1.36481,-2.25082,-1.60206,-1.51662,-0.229383,-2.18294,-0.889473,-1.22205,-0.78548,-0.594696,-1.17025,-1.21553,-0.950157,-1.438,-7.68492,-0.11923,-1.5021,-2.86373,-1.11265,-1.50235,-1.85785,-2.46198,-1.26076,-0.165765,-2.19619,-2.27817,-2.95335,-1.27563,-0.147539,-0.961345,-0.788122,-0.934894,-1.14469,-1.13977,-1.1429,-1.12389,-0.216559,-1.13709,-1.11141,-1.07587,-1.0852,-1.05528,-1.09514,-2.40773,-1.78629,-3.18256,-19.8821,-1.14827,-1.44447,-1.33273,-2.53143,-1.60065
-1.49503,-0.566813,-0.847741,-0.567668,-0.664756,-0.634428,-1.1669,-0.780057,-0.885331,-0.821723,-2.1616,-1.87583,-0.960761,251.7,-2.61553,-0.263108,-1.42828,-1.67869,-1.54069,-2.40369,-1.34213,-1.3849,-1.28111,-1.40357,-1.35853,-3.39383,-1.50215,-2.63872,-1.64855,-1.84284,-1.69092,-1.53754,-0.528672,-0.537936,-0.260489,-0.258341,-3.2114,-2.01993,-1.02365,-2.10464,-1.07362,-0.143381,-0.172616,-0.136596,-0.433231,-1.05543,-1.40682,-1.5034,-1.08943,-1.08305,-1.02246,-3.41949,-0.273978,-1.02516,-1.45445,-0.430606,-1.02514,-1.06176,-1.11942,-1.0948,-1.2885,-1.032,-1.39395,-0.992558,-0.431172,-0.140896,-2.27725,-2.48281,-1.64911,-1.9726,-0.989703,-1.04526,-1.68987,-2.06041,-1.55377,-0.747202,-1.83959,-0.579539,-2.76581,-0.457474,-2.29585,-1.85453,-0.385952,-3.14496,-1.91129,-1.7746,-1.57517,-1.43676,-0.728783,-1.03081,-0.555237,-0.760918,-1.92449,-0.00447947,-0.571629,-1.14914,-0.760115,-0.992887,-0.368191,-1.4102,-1.44937,-1.3502,-1.43785,-1.99214,-3.25609,-1.82238,-0.988542,-3.98234,-1.39741,-1.88949,-2.11296,-1.36846,-1.90532,-2.10938,-0.960435,-0.132158,-0.210168,-1.78942,-0.359277,-0.483971,-0.00904414,-0.023093,-1.66987,-3.60152,-2.63361,-1.58524,-0.993217,-1.0132,-0.131876,-0.195637,-1.78478,-1.15756,-0.988136,-1.05912,-0.131396,-0.132068,-0.141963,-1.93123,-1.10778,-1.99537,-1.12524,-0.989451,-1.03096,-0.00638757,-0.00576551,-0.134664,-0.00338838,-0.00269188,-0.00160694,-0.996988,-0.520536,-0.852283,-0.565838,-1.16495,-0.362957,-0.55966,-1.02865,-4.49633,-1.5468,-1.95752,-1.32522,-0.947403,-0.84226,-0.797523,-0.00794677,-1.01719,-1.40917,-0.279315,-0.431238,-0.044843,-3.20226,-1.43376,-1.12474,-2.17695,-1.62022,-0.196468,-2.17426,-2.02242,-1.63915,-1.05798,-1.02918,-1.42154,-1.73128,-1.55328,-1.37257,-0.991807,-0.416202,-0.400825,-0.852226,-0.232997,-0.684548,-0.570719,-0.594844,-0.9929,-0.90675,-1.09468,-0.905589,-0.749966,-1.0598,-0.870968,-1.56116,-1.87454,-1.58822,-1.43058,-1.06774,-1.07397,-0.962066,-1.02702,-1.91721
-1.18254,-1.33928,-1.30873,-1.34536,-1.54792,-1.66374,-1.68509,-1.1813,-1.32143,-1.11434,-0.927595,-0.497239,-1.24292,-2.61553,258.517,-2.02132,-0.27143,-1.08658,-0.268362,-1.55364,-1.23263,-1.411,-1.25332,-1.14986,-1.04872,-0.391541,-1.04783,-0.746769,-0.765509,-0.82993,-0.366865,-0.555773,-1.12863,-1.08141,-1.19514,-1.26752,-0.352687,-0.757437,-1.21087,-0.760267,-1.28906,-1.1243,-1.17765,-1.13287,-1.07018,-1.18618,-0.0853347,-0.762121,-1.18912,-1.12865,-1.10517,-0.426392,-1.19346,-1.19966,-0.704662,-1.59408,-1.23388,-1.02273,-1.25299,-1.53316,-1.3288,-1.41188,-0.12743,-1.27628,-7.19373,-1.12471,-0.727095,-0.874812,-0.915827,-0.770207,-1.27653,-1.49911,-0.485968,-0.934395,-0.435394,-3.89889,-0.787289,-2.86821,-0.701605,-1.74083,-0.50566,-0.628264,-1.36954,-0.40157,-0.973581,-0.650838,-0.624699,-0.629423,-1.20854,-1.33639,-1.23748,-1.23051,-1.02008,-1.13449,-1.29653,-1.5657,-1.16931,-1.43864,-1.23335,-0.0503131,-0.336322,-0.86358,-0.249787,-0.27313,-0.432019,-1.08997,-1.04464,-0.452514,-0.135533,-0.633641,-0.720732,-0.68695,-0.713759,-0.834887,-1.26465,-1.17123,-4.86545,-0.607424,-1.24665,-2.87256,-7.43028,-3.57109,-0.170786,-0.562386,-0.826966,-0.964191,-1.30349,-1.16767,-1.37775,-1.23876,-2.09548,-1.24224,-1.21483,-1.41866,-1.18441,-1.38441,-1.12447,-0.987145,-1.29013,-0.853144,-1.43324,-1.24831,-1.33472,-1.13172,-1.22281,-1.14157,-1.94283,-1.254,-1.22911,-1.10595,-1.41434,-2.15709,-1.17745,-1.70368,-1.19854,-1.27768,-1.38784,-0.282114,-0.414487,-0.939983,-1.18882,-1.17715,-1.22019,-5.76211,-1.76345,-2.08975,-1.40333,-2.09766,-1.68756,-2.04347,-0.391062,-0.65103,-1.41515,-0.766803,-0.573041,-1.16769,-0.807201,-0.253202,-0.587335,-1.19365,-1.36763,-0.1536,-0.23841,-0.839843,-0.940236,-1.34484,-2.64338,-1.11848,-4.52671,-1.20726,-2.886,-1.16845,-1.15394,-1.30612,-2.18333,-2.07268,-1.34416,-1.23366,-1.25813,-1.31147,-0.801881,-0.607557,-0.56176,-0.60312,-1.40218,-1.34584,-1.25428,-1.30714,-0.970095
-1.42062,-1.05232,-0.596944,-1.06081,-0.446246,-1.28671,-0.766231,-0.684805,-1.09105,-1.01322,-1.80355,-1.35931,-1.19665,-0.263108,-2.02132,249.972,-2.45593,-1.56679,-1.78133,-1.28981,-1.43425,-1.45764,-1.54453,-1.26569,-1.49671,-1.42009,-1.31255,-1.53689,-1.28581,-1.25894,-1.48142,-2.70369,-0.717075,-0.642237,-0.51155,-0.622134,-1.38149,-1.43073,-1.06076,-1.39319,-1.11875,-0.114967,-0.102198,-0.125616,-0.394997,-1.05318,-2.24713,-1.36929,-1.04687,-0.996788,-1.0629,-1.46159,-0.0337901,-1.10995,-2.00583,-1.22647,-1.14468,-0.929371,-1.08919,-1.33643,-0.981649,-1.39536,-2.58964,-1.17036,-0.148218,-0.119565,-2.21319,-1.88032,-1.93338,-1.39795,-1.17594,-1.21451,-2.95759,-1.89812,-1.80743,-0.625368,-1.38268,-1.00776,-1.92116,-1.37417,-1.3907,-1.35485,-0.0332044,-1.42706,-1.66268,-1.34208,-1.43981,-1.6245,-0.560921,-1.15948,-0.848202,-0.556063,-1.62002,-0.274783,-0.396008,-0.73034,-0.690217,-0.608022,-0.44052,-2.19454,-2.97414,-1.23448,-3.39515,-1.37581,-1.46766,-1.74309,-0.88154,-1.59309,-2.35141,-1.33983,-1.35064,-1.95738,-1.36589,-1.39586,-1.2224,-0.145198,-0.278371,-1.35609,-0.701598,-1.05847,-0.508572,-0.288101,-1.45661,-1.47227,-1.79333,-1.98784,-1.19541,-1.03324,-0.256834,-0.100114,-0.484391,-0.990032,-1.19248,-1.24334,-0.151823,-0.261221,-0.116498,-1.67624,-1.02815,-1.46448,-1.09877,-1.14843,-1.15777,-0.264777,-0.230677,-0.131002,-4.70902,-0.229016,-0.387084,-0.990433,-0.439981,-0.970208,-0.76942,-0.772861,-0.576139,-0.958868,-0.691752,-1.45491,-3.15394,-1.60728,-1.53866,-1.14655,-1.35373,-0.640668,-1.80566,-1.53866,-0.900052,-3.97174,-1.45087,-0.245192,-1.39996,-1.89959,-1.08952,-1.39211,-1.45083,-0.0491664,-1.42395,-1.3847,-1.4234,-1.05701,-1.18709,-4.17472,-1.4808,-1.89538,-1.22156,-1.23691,-0.263878,-0.435932,-0.618449,-0.771311,-0.853626,-0.745644,-0.683715,-1.19864,-0.845701,-0.711665,-0.554582,-0.567151,-0.827384,-1.08756,-2.04954,-1.33924,-1.46925,-1.81948,-1.21581,-1.16324,-1.20708,-1.26452,-1.65664
-1.34474,-1.61735,-1.28244,-1.61863,-1.32873,-1.60056,-1.24461,-1.25809,-1.2308,-1.20657,-0.253067,-0.377118,-3.86972,-1.42828,-0.27143,-2.45593,327.104,-0.895417,-0.2194,-0.979235,-1.64542,-1.60538,-1.86791,-1.52709,-1.81835,-0.027431,-1.32691,-0.206587,-0.851591,-0.74728,-0.298452,-0.477644,-3.16697,-2.41246,-1.83366,-1.96741,-0.0204654,-0.51142,-2.57828,-0.480556,-2.72695,-1.79416,-1.57196,-1.95067,-2.09633,-2.57698,-0.866389,-1.07566,-2.50019,-2.26852,-2.95097,-0.101864,-1.52288,-3.06391,-1.19507,-4.01983,-3.23567,-1.96736,-2.60876,-2.66516,-1.78094,-3.42295,-0.989511,-3.31644,-1.56863,-1.84066,-0.172109,-0.0504616,-0.67584,-0.608794,-3.37127,-2.71954,-0.0733994,-0.238817,-0.582641,-2.30692,-0.676266,-2.33269,-0.192139,-3.57525,-0.239788,-0.528195,-1.43356,-0.0887353,-0.539688,-0.635354,-0.809008,-1.22387,-1.30834,-2.89828,-1.57494,-1.29444,-0.639307,-1.85734,-1.35643,-1.23241,-1.26812,-1.27305,-1.39919,-0.78464,-0.374409,-1.4303,-0.716336,-0.201204,-0.0873008,-0.667881,-1.60568,-0.19776,-0.941929,-0.541202,-0.496171,-2.1787,-0.613901,-0.567317,-3.99566,-2.20416,-1.94277,-0.544761,-4.12401,-2.47005,-1.80154,-1.47203,-0.362934,-0.221471,-0.123749,-0.864411,-3.38606,-2.47395,-2.76906,-1.51986,-1.32717,-1.98327,-3.96483,-2.90995,-2.2689,-2.77566,-1.81758,-0.515825,-2.13388,-0.618651,-2.21309,-3.2559,-2.89334,-1.79215,-1.52875,-2.02302,-2.60024,-1.50687,-2.39838,-2.27241,-1.34492,-1.43356,-1.50177,-1.24709,-1.7272,-1.59538,-1.22425,-0.165492,-0.195379,-0.529649,-1.72303,-3.68882,-8.39115,-1.71908,-2.70019,-2.22229,-1.39882,-2.10483,-1.8318,-1.40445,-0.0821587,-1.39472,-2.20586,-0.455619,-0.671579,-2.21516,-0.459111,-0.0044667,-0.64668,-2.58433,-2.9526,-0.470724,-0.0195356,-1.04135,-1.36583,-3.46097,-1.42963,-1.63414,-1.75716,-2.1212,-1.51382,-1.48375,-1.4262,-3.39764,-1.39345,-1.32493,-1.26619,-1.30272,-1.13612,-1.23996,-0.813258,-0.504133,-0.716226,-1.42282,-2.8528,-2.79969,-3.90101,-3.75509,-0.543315
-2.29556,-1.26082,-1.22637,-1.26316,-1.36187,-1.35997,-1.30826,-1.16313,-1.16568,-1.09689,-1.62942,-0.547966,-1.58442,-1.67869,-1.08658,-1.56679,-0.895417,291.585,-0.868713,-1.91932,-2.32532,-9.27066,-2.35654,-1.86218,-0.899118,-1.03452,-0.903528,-1.15428,-0.0865776,-0.161423,-0.74642,-1.19426,-1.1755,-1.09607,-1.20873,-1.25406,-0.962787,-0.776138,-1.53252,-0.684739,-1.84051,-1.14183,-1.177,-1.15249,-1.05933,-1.39829,-0.923272,-0.393136,-1.41771,-1.20377,-1.1579,-1.12541,-1.17956,-1.43399,-0.67194,-1.46645,-1.54886,-0.948633,-1.7296,-2.51673,-1.89773,-1.79416,-0.918765,-1.7663,-1.9169,-1.14328,-1.16318,-1.26961,-1.36212,-1.01692,-1.76016,-3.46173,-1.17514,-1.50604,-0.839319,-4.20667,-0.381543,-1.95482,-1.15423,-1.54957,-0.844503,-0.494088,-1.28773,-1.08297,-2.33978,-0.705189,-0.70606,-0.740151,-1.17917,-2.11604,-1.20606,-1.18647,-3.23397,-1.16489,-1.23459,-1.28288,-1.15972,-1.27124,-1.22376,-0.90374,-1.01072,-0.423077,-1.02678,-0.804226,-1.16224,-3.3405,-1.11409,-1.21824,-0.904694,-0.574869,-0.687921,-0.888087,-0.852405,-1.0837,-1.64478,-1.18764,-1.91885,-0.462482,-1.23499,-2.10191,-1.95205,-1.7891,-0.819132,-1.15233,-1.36717,-1.91499,-1.86765,-1.37323,-1.32926,-1.2219,-1.50038,-1.55686,-1.41921,-2.3544,-1.19885,-1.33316,-1.14264,-1.73236,-1.84036,-1.41666,-2.92173,-1.65771,-2.10703,-1.1602,-1.22051,-1.16104,-1.59858,-1.2417,-1.24813,-1.17929,-1.31156,-1.42775,-1.18502,-1.31192,-1.20159,-1.23493,-1.23496,-1.13765,-1.16721,-2.00697,-2.04807,-1.37607,-1.5599,-2.6843,-1.5327,-3.27009,-1.65017,-1.5651,-1.40309,-1.56054,-1.01447,-0.581713,-2.74079,-0.626408,-0.417237,-1.17616,-0.711236,-0.789994,-0.457212,-1.42633,-2.27222,-0.994529,-0.768147,-1.83942,-0.822673,-2.00779,-1.68315,-1.12925,-2.90129,-1.23452,-1.55039,-1.17982,-1.16975,-1.87688,-1.40862,-1.38808,-1.22671,-1.19279,-1.14129,-1.16302,-0.841557,-0.420828,-0.414451,-0.46042,-2.36281,-2.12643,-1.61999,-1.69905,-2.40588
-1.34808,-1.49974,-1.40155,-1.49832,-1.53904,-1.43372,-1.26896,-1.35825,-1.17988,-1.18757,-0.216484,-0.645795,-3.91144,-1.54069,-0.268362,-1.78133,-0.2194,-0.868713,360.946,-1.01709,-1.51492,-1.4668,-1.52401,-1.94622,-1.69829,-0.10269,-1.61615,-0.262912,-1.32824,-1.03241,-0.48587,-0.212976,-5.57073,-4.56044,-1.84909,-1.8382,-0.10582,-0.60423,-4.41824,-0.568995,-3.24618,-2.2237,-2.04939,-2.28851,-3.15349,-4.39006,-0.794248,-1.77481,-4.18846,-4.82225,-7.02845,-0.179109,-1.98743,-4.32006,-0.772463,-2.14573,-3.77615,-5.46865,-3.52522,-1.988,-2.43423,-2.15731,-0.44614,-3.65514,-1.52181,-2.24555,-0.181873,-0.126914,-0.539942,-0.705654,-3.63569,-2.63113,-0.147418,-0.215509,-0.918182,-1.98708,-0.869021,-1.69449,-0.206416,-2.02055,-0.291604,-0.764107,-1.81647,-0.0396568,-0.509063,-0.902807,-1.42129,-2.07718,-1.44161,-3.1404,-1.51679,-1.42695,-0.578694,-2.22592,-1.55766,-1.27912,-1.36756,-1.37296,-1.70666,-0.833872,-0.0189686,-2.75624,-0.329469,-0.342888,-0.103113,-0.5581,-3.00607,-0.192799,-0.631425,-0.780132,-0.620313,-1.18994,-0.7694,-0.615392,-3.5638,-2.33257,-1.6095,-0.835486,-2.84761,-1.76119,-1.55922,-1.51716,-0.687579,-0.246128,-0.121861,-0.61922,-3.34499,-5.06901,-2.1648,-1.97964,-1.43765,-3.06172,-3.78793,-2.40741,-2.33514,-2.15867,-2.23599,-0.506807,-3.11539,-0.653146,-2.52477,-4.02566,-3.1547,-2.19189,-1.96866,-2.30823,-1.85449,-1.93488,-2.29502,-5.91954,-1.59338,-1.34435,-1.51929,-1.26778,-1.72638,-1.51194,-1.30142,-0.167617,-0.015207,-0.519112,-1.46308,-5.29575,-4.69181,-1.64362,-1.91593,-1.63546,-1.82676,-1.61564,-1.55894,-1.58814,-0.0122629,-0.974805,-2.58507,-0.55885,-1.30457,-2.29691,-0.543169,-0.170959,-1.14397,-4.27333,-2.91458,-0.261307,-0.285343,-0.774923,-2.20281,-2.95679,-1.53941,-2.4079,-1.73358,-1.9864,-1.39608,-1.51723,-1.50359,-3.31302,-1.32623,-1.3142,-1.38472,-1.43453,-1.16748,-1.18769,-0.6331,-0.779907,-1.54328,-1.2486,-2.50707,-2.83493,-3.73504,-2.79905,-0.515421
-1.89589,-1.10726,-1.28352,-1.10885,-1.46994,-1.20225,-1.34616,-1.13136,-1.1151,-1.02853,-2.14653,-1.63053,-1.05818,-2.40369,-1.55364,-1.28981,-0.979235,-1.91932,-1.01709,355.329,-1.29826,-0.887734,-0.926542,-0.893591,-1.50886,-7.74765,-1.90739,-6.52128,-1.66569,-2.39113,-1.09199,-0.990113,-0.925485,-0.920411,-1.03515,-1.04338,-4.4104,-2.56357,-1.18449,-2.94385,-1.47431,-1.08647,-1.23151,-1.05684,-1.05542,-1.38408,-0.940988,-1.27519,-1.52925,-1.47001,-1.33599,-14.7663,-1.31039,-1.31636,-1.05146,-1.1317,-1.3261,-1.36015,-1.67378,-1.59034,-2.33683,-1.40426,-0.930708,-1.1352,-2.40241,-1.07406,-1.55926,-2.20597,-1.34555,-1.78495,-1.12895,-1.15705,-1.24115,-1.89943,-1.14331,-2.75375,-2.10876,-1.53563,-1.84412,-1.19535,-2.49346,-1.6727,-1.61794,-5.74992,-2.05014,-1.15394,-0.923904,-0.796174,-1.23447,-1.24031,-1.10869,-1.25669,-1.75081,-1.01759,-1.32551,-1.32851,-1.11968,-1.36656,-1.14634,-0.974033,-0.937658,-1.32786,-0.984941,-1.40728,-14.303,-1.39309,-0.721524,-3.24806,-0.935692,-1.74638,-2.70972,-0.756107,-1.48192,-2.467,-1.06046,-1.04312,-1.65676,-1.51051,-0.967091,-1.42991,-1.70858,-2.44423,-1.06692,-7.95123,-2.50442,-0.982327,-1.14132,-1.14113,-1.07752,-1.34472,-1.74505,-1.69063,-1.22887,-1.43891,-1.04337,-1.07924,-1.08037,-2.23254,-1.42581,-2.06274,-1.54276,-1.12268,-1.24085,-1.03016,-1.23272,-1.05006,-1.16602,-1.28434,-0.995547,-1.07446,-1.35037,-1.3795,-1.08027,-1.34745,-1.07008,-1.09182,-1.26812,-4.67881,-1.0235,-2.28894,-1.01668,-1.01791,-0.642853,-3.05407,-1.12176,-0.891895,-1.64848,-1.08034,-1.14726,-2.17301,-4.7743,-1.02354,-1.53583,-3.74163,-1.36348,-1.06286,-3.93071,-1.49356,-1.26924,-1.39422,-1.23991,-0.945575,-1.21678,-0.970362,-1.03144,-1.14085,-2.40922,-1.01102,-4.08816,-0.89783,-1.46166,-1.08283,-1.09973,-1.14046,-1.4397,-1.50628,-1.34862,-1.24593,-1.18687,-1.11849,-1.36128,-1.83128,-1.36143,-1.10804,-1.46791,-1.48588,-1.0629,-1.38328,-2.08077
