314.816,-1.22468,-1.19147,-1.2266,-1.27909,-1.30624,-1.26168,-1.14561,-1.14422,-1.08886,-1.70805,-1.27528,-1.27505,-1.45581,-1.15536,-1.36003,-1.4725,-1.91723,-1.55606,-1.78215,-3.5039,-18.2492,-3.95935,-2.70959,-0.819899,-1.38083,-0.685727,-1.49312,-0.803151,-0.810363,-1.45207,-1.66362,-1.0336,-1.01277,-1.16768,-1.20161,-1.3525,-1.70065,-1.21774,-1.59651,-1.25315,-1.09297,-1.10786,-1.09904,-0.981002,-1.00723,-1.31952,-1.19472,-0.960253,-0.839588,-0.822104,-1.36623,-1.09742,-1.02626,-2.20506,-1.20545,-1.09483,-0.740148,-1.17083,-1.44422,-1.40843,-1.19069,-1.34291,-1.37315,-1.63405,-1.09316,-1.24688,-1.38169,-2.08476,-1.82672,-1.37427,-2.67228,-1.38613,-1.64642,-2.29616,-1.97143,-1.44803,-1.46572,-1.22249,-1.24613,-1.47164,-1.37656,-1.16469,-1.43629,-2.02085,-1.49288,-1.56671,-2.17755,-1.14787,-1.54675,-1.1717,-1.15333,-2.38782,-1.12411,-1.18398,-1.24155,-1.14318,-1.22616,-1.18578,-1.2926,-1.53579,-0.259069,-1.39294,-1.32486,-1.43382,-2.40823,-1.11659,-1.31989,-1.34886,-1.34595,-1.45845,-2.03965,-1.65425,-1.84595,-1.32581,-1.11999,-1.63853,-1.34317,-1.09078,-1.58838,-1.7011,-1.53976,-1.28641,-1.38348,-1.48054,-2.48422,-1.42713,-1.13471,-1.20919,-1.13286,-1.37173,-1.13947,-1.02758,-1.45076,-1.12721,-1.21165,-1.0932,-1.74227,-1.46219,-2.12655,-1.9167,-1.31532,-1.54342,-1.12139,-1.15475,-1.10383,-1.41482,-1.1678,-1.17883,-1.0381,-1.24632,-1.3587,-1.1617,-1.26456,-1.16198,-1.20349,-1.20367,-1.33062,-1.52725,-1.99482,-4.59473,-1.15984,-1.3641,-1.94516,-1.3689,-2.47173,-1.35283,-1.44613,-1.33249,-1.37155,-1.41411,-2.32482,-1.86599,-1.45564,-1.3227,-1.10366,-1.5236,-1.32988,-1.38391,-1.02392,-1.60025,-1.32367,-1.39073,-3.18144,-1.23238,-1.4974,-1.45924,-1.08022,-1.93004,-1.19737,-1.44826,-1.15749,-1.14916,-1.4313,-1.33223,-1.31328,-1.18264,-1.16089,-1.1208,-1.14064,-1.69596,-1.22312,-1.26286,-1.8462,-1.45023,-1.38036,-1.30762,-1.1261,-2.01637
-1.22468,214.254,-0.00123342,-0.232149,-0.531797,-0.00370128,-0.173566,-0.206611,-0.702533,-1.01097,-1.27584,-1.25208,-1.20349,-0.560714,-1.31905,-1.09971,-1.58624,-1.24182,-1.47915,-1.09219,-1.21541,-1.18954,-1.22146,-1.1721,-1.25434,-1.23358,-1.21633,-1.24925,-1.22432,-1.2135,-1.30913,-1.41328,-1.13805,-1.10378,-0.775613,-0.979568,-1.23219,-1.23346,-1.17891,-1.22959,-1.1914,-0.848919,-0.739302,-0.912946,-1.06474,-1.19251,-1.783,-1.23722,-1.19477,-1.19101,-1.21877,-1.2352,-0.732292,-1.2033,-1.33617,-1.23499,-1.20615,-1.18744,-1.19719,-1.2201,-1.15235,-1.23939,-1.73123,-1.1943,-0.626191,-0.869143,-1.33864,-1.29673,-1.28661,-1.21827,-1.19534,-1.16124,-1.41049,-1.28826,-1.4033,-0.972896,-1.22813,-1.0842,-1.30315,-1.21545,-1.23664,-1.23522,-0.659519,-1.23266,-1.25426,-1.22648,-1.25211,-1.30824,-0.171034,-1.18392,-0.816041,-0.16415,-1.23726,-0.843,-0.2842,-0.171832,-0.213462,-0.000808271,-0.59483,-1.78693,-1.52777,-1.22972,-1.60658,-1.28138,-1.23544,-1.25237,-1.0939,-1.24118,-1.73076,-1.22998,-1.22262,-1.37458,-1.2183,-1.2151,-1.20417,-1.00316,-0.795314,-1.2395,-1.22014,-1.06177,-0.703568,-0.568357,-1.40058,-1.22843,-1.28129,-1.2858,-1.19502,-1.17832,-1.20179,-0.699995,-0.513539,-1.16669,-1.22027,-1.20216,-1.02532,-1.20376,-0.8591,-1.25927,-1.15976,-1.22354,-1.16164,-1.19442,-1.18389,-0.81436,-0.677084,-0.939451,-1.07088,-0.660853,-1.05092,-1.17354,-0.547262,-0.00107515,-0.00646792,-0.174179,-0.659656,-0.0143106,-0.175104,-1.22606,-1.46182,-1.24839,-1.22593,-1.20448,-1.24704,-0.815377,-1.12572,-1.15526,-1.01569,-0.96914,-0.679549,-0.563827,-1.23103,-1.35061,-1.16097,-1.23093,-1.26593,-1.04934,-1.23373,-1.28216,-1.25437,-1.19225,-1.18568,-1.64277,-1.34363,-1.29005,-1.20043,-1.19621,-0.560822,-0.914653,-0.803406,-1.13855,-0.273922,-0.00228051,-0.00697794,-1.19506,-0.171175,-0.150242,-0.148689,-0.110124,-0.433244,-0.737543,-1.32259,-1.23799,-1.27936,-1.37688,-1.19939,-1.19432,-1.20309,-1.23032,-1.25328
-1.19147,-0.00123342,214.197,-0.00120326,-1.20729,-0.00238296,-0.317956,-0.884818,-0.438929,-0.556197,-1.28002,-1.41741,-1.08904,-0.89307,-1.28487,-0.598785,-1.24544,-1.22524,-1.40619,-1.26816,-1.16097,-1.14548,-1.14296,-1.20511,-1.17977,-1.45113,-1.21967,-1.33631,-1.30876,-1.30728,-1.47412,-1.21107,-1.01683,-1.05064,-0.449474,-0.404349,-1.48249,-1.31905,-1.12061,-1.32421,-1.11136,-0.868793,-1.01592,-0.810234,-1.02114,-1.129,-1.32707,-1.2918,-1.13986,-1.15547,-1.13825,-1.43113,-1.08001,-1.11619,-1.21532,-0.806944,-1.10647,-1.18471,-1.13211,-1.06269,-1.16038,-1.05893,-1.26576,-1.09234,-0.710903,-0.848556,-1.26347,-1.29098,-1.22999,-1.3287,-1.09135,-1.07499,-1.22052,-1.26815,-1.33015,-0.831586,-1.30519,-0.797081,-1.29845,-0.800107,-1.4183,-1.35782,-1.20247,-1.45785,-1.26285,-1.36435,-1.35714,-1.30328,-0.711631,-1.09396,-0.167767,-1.02977,-1.26272,-0.81603,-1.08031,-0.402455,-0.728053,-0.00841311,-1.20936,-1.33853,-1.21614,-1.25041,-1.21244,-1.57315,-1.43299,-1.23869,-1.22328,-1.39766,-1.29345,-1.36657,-1.34443,-1.20209,-1.34619,-1.31786,-1.08421,-0.747709,-0.596086,-1.36262,-0.856218,-0.78298,-0.589679,-0.792086,-1.64234,-1.40825,-1.30902,-1.2127,-1.08804,-1.12781,-0.639361,-1.08521,-0.946492,-1.1439,-1.09598,-1.08235,-0.734645,-0.637754,-0.858399,-1.26111,-1.12421,-1.30229,-1.1035,-1.09675,-1.09436,-0.844839,-1.05029,-0.789891,-0.562079,-1.08151,-0.67801,-1.1409,-1.26748,-0.00171063,-0.00507647,-0.308458,-0.330839,-0.00295708,-0.750475,-1.48438,-1.21171,-1.27342,-1.15973,-1.09855,-1.04806,-0.869064,-0.568909,-0.993908,-1.23949,-0.511238,-0.219018,-1.01366,-1.4662,-1.22173,-1.10602,-1.32616,-1.36482,-0.750705,-1.31517,-1.56548,-1.36061,-1.12779,-1.08869,-1.20601,-1.53939,-1.22104,-1.23647,-1.08134,-0.88871,-1.10938,-0.89439,-0.620253,-0.243069,-0.00158785,-0.00884425,-1.08748,-0.162406,-0.195734,-1.9557,-0.642659,-0.838146,-0.432194,-1.21703,-1.37075,-1.3683,-1.23331,-1.08732,-1.09932,-1.08708,-1.0797,-1.26385
-1.2266,-0.232149,-0.00120326,214.367,-0.530729,-0.00968059,-0.173875,-0.205383,-0.708819,-1.00618,-1.27909,-1.25252,-1.20394,-0.561055,-1.32493,-1.10817,-1.59002,-1.24411,-1.47846,-1.09379,-1.21715,-1.19153,-1.22347,-1.1729,-1.25629,-1.23534,-1.21766,-1.25178,-1.22504,-1.21447,-1.30873,-1.41811,-1.13518,-1.10069,-0.764094,-0.9655,-1.23354,-1.23506,-1.17881,-1.23112,-1.19194,-0.842877,-0.735066,-0.906115,-1.06046,-1.19249,-1.78363,-1.23792,-1.1947,-1.19055,-1.21836,-1.23729,-0.728397,-1.20347,-1.33925,-1.23819,-1.2066,-1.18639,-1.1975,-1.22227,-1.15265,-1.24146,-1.73478,-1.19482,-0.628348,-0.862884,-1.34427,-1.3009,-1.28966,-1.21954,-1.19586,-1.16234,-1.41621,-1.29176,-1.40427,-0.976975,-1.22947,-1.08968,-1.30822,-1.21972,-1.23771,-1.23608,-0.657185,-1.23422,-1.25679,-1.22702,-1.25242,-1.30894,-0.169863,-1.18456,-0.773213,-0.163188,-1.23962,-0.836682,-0.282785,-0.171947,-0.212047,-0.00260603,-0.592031,-1.78712,-1.533,-1.23,-1.61279,-1.28085,-1.23739,-1.25513,-1.09205,-1.24436,-1.73281,-1.23076,-1.22387,-1.37733,-1.21926,-1.21659,-1.20478,-0.995745,-0.800865,-1.24023,-1.21831,-1.06688,-0.707926,-0.569362,-1.39811,-1.23078,-1.28503,-1.28895,-1.19565,-1.178,-1.19901,-0.696549,-0.513595,-1.16672,-1.2208,-1.20344,-1.01789,-1.20121,-0.852923,-1.26196,-1.15991,-1.22524,-1.16235,-1.19478,-1.18451,-0.808425,-0.673589,-0.932376,-1.07844,-0.657706,-1.04369,-1.17293,-0.545707,-0.00336067,-0.0119251,-0.174562,-0.64673,-0.0311755,-0.174867,-1.22816,-1.46747,-1.25074,-1.22788,-1.20457,-1.24706,-0.817792,-1.13202,-1.15855,-1.01519,-0.979494,-0.69606,-0.563504,-1.2325,-1.35339,-1.16162,-1.23257,-1.26645,-1.04161,-1.23555,-1.2818,-1.25494,-1.19227,-1.18646,-1.65011,-1.34266,-1.29297,-1.20083,-1.19705,-0.561187,-0.911031,-0.805468,-1.12837,-0.275949,-0.00449959,-0.0103843,-1.19571,-0.172321,-0.15083,-0.148227,-0.10959,-0.433062,-0.74459,-1.326,-1.23875,-1.27972,-1.37927,-1.20055,-1.19519,-1.20361,-1.2316,-1.2558
-1.27909,-0.531797,-1.20729,-0.530729,226.231,-0.521894,-0.904671,-0.952329,-0.785773,-0.806416,-1.45489,-1.84531,-0.963012,-0.710594,-1.43976,-0.438071,-1.29008,-1.34676,-1.60312,-1.38905,-1.16385,-1.09136,-1.09929,-1.21339,-1.24404,-1.96413,-1.34342,-1.63063,-1.55077,-1.57011,-1.91039,-1.25624,-0.725842,-0.771244,-0.323134,-0.297313,-2.07548,-1.57063,-1.02197,-1.58673,-1.05693,-0.538512,-0.716148,-0.488868,-0.786996,-1.08076,-1.3746,-1.47831,-1.12474,-1.14931,-1.10987,-1.90214,-0.917749,-1.05455,-1.28011,-0.568903,-1.03918,-1.21164,-1.12975,-1.00653,-1.21634,-0.991697,-1.29539,-0.973548,-0.548082,-0.52052,-1.40149,-1.485,-1.33124,-1.57162,-0.971556,-0.922172,-1.30289,-1.42805,-1.50008,-0.662937,-1.54086,-0.615812,-1.48319,-0.5782,-1.85571,-1.66964,-1.6517,-1.97629,-1.42003,-1.65408,-1.60651,-1.43622,-1.10771,-0.982895,-0.606592,-1.18185,-1.39725,-0.34115,-1.16649,-1.00983,-0.91779,-1.28908,-0.0109404,-1.39797,-1.24804,-1.37883,-1.24022,-2.31087,-1.89691,-1.33561,-1.12208,-1.7452,-1.33555,-1.69988,-1.64761,-1.2097,-1.61671,-1.5461,-0.956481,-0.443452,-0.387339,-1.67732,-0.549367,-0.521611,-0.271769,-0.501417,-2.24367,-1.82047,-1.52371,-1.26595,-0.967404,-1.03148,-0.376412,-0.867561,-0.00587156,-1.12559,-1.0148,-1.00691,-0.434623,-0.375555,-0.529072,-1.42876,-1.04335,-1.5009,-1.01195,-0.979234,-0.983424,-0.358124,-0.557302,-0.473336,-0.233562,-0.61954,-0.273951,-1.05179,-0.043444,-0.607717,-0.615733,-0.888843,-0.449045,-0.546311,-1.13415,-2.02911,-1.25775,-1.44792,-1.14468,-0.974161,-0.800438,-0.553761,-0.234406,-0.770694,-1.29761,-0.00252266,-0.327789,-1.25899,-2.00592,-1.2862,-1.01628,-1.60857,-1.67491,-0.505611,-1.57757,-2.29567,-1.65575,-1.0794,-0.974445,-1.22589,-2.08627,-1.28166,-1.30544,-0.957665,-0.698846,-0.709256,-0.592209,-0.0043827,-0.400193,-0.632956,-0.701627,-0.966642,-0.692229,-0.831811,-1.40133,-1.12849,-1.09453,-0.787371,-1.31196,-1.72119,-1.67882,-1.31132,-1.01603,-1.03717,-0.960828,-1.013,-1.4231
-1.30624,-0.00370128,-0.00238296,-0.00968059,-0.521894,219.668,-0.198585,-0.175779,-0.975962,-0.76367,-1.43637,-1.29478,-1.20284,-0.606792,-1.64554,-1.2822,-1.67322,-1.34663,-1.44138,-1.19244,-1.28495,-1.27366,-1.29846,-1.21299,-1.32967,-1.34736,-1.27704,-1.38558,-1.26887,-1.27168,-1.31381,-1.60293,-1.02046,-0.98935,-0.486103,-0.569717,-1.32841,-1.32048,-1.1666,-1.315,-1.20173,-0.675552,-0.625371,-0.708834,-0.918862,-1.18265,-1.70538,-1.27738,-1.18455,-1.16826,-1.19093,-1.36402,-0.629094,-1.19713,-1.45691,-1.24045,-1.20826,-1.14771,-1.201,-1.28599,-1.16814,-1.29394,-1.76296,-1.19852,-0.758664,-0.685629,-1.6312,-1.5112,-1.42237,-1.29291,-1.19978,-1.19414,-1.66371,-1.45793,-1.43289,-1.15383,-1.30135,-1.2817,-1.57877,-1.27297,-1.3109,-1.29212,-0.60727,-1.33714,-1.37652,-1.26998,-1.28191,-1.33851,-0.144371,-1.19602,-0.269757,-0.142432,-1.35377,-0.660199,-0.252168,-0.186427,-0.177856,-0.0017855,-0.527559,-1.69613,-1.70041,-1.24635,-1.79768,-1.2945,-1.35668,-1.38264,-1.04038,-1.4281,-1.71111,-1.28496,-1.29815,-1.46416,-1.28027,-1.29978,-1.20873,-0.761934,-1.07447,-1.28995,-1.07881,-1.24,-0.94272,-0.64462,-1.33466,-1.36975,-1.47737,-1.42322,-1.20364,-1.15902,-0.957139,-0.610783,-0.547643,-1.16591,-1.22123,-1.23628,-0.776543,-0.962181,-0.680628,-1.38868,-1.16181,-1.31506,-1.18329,-1.19349,-1.19558,-0.645862,-0.586414,-0.723586,-1.17741,-0.580928,-0.786521,-1.14553,-0.519737,-0.00213878,-0.00177972,-0.200989,-0.373606,-0.000821718,-0.17495,-1.3636,-1.68552,-1.36438,-1.30339,-1.1917,-1.21136,-0.950877,-1.13265,-1.27679,-1.02155,-1.3293,-1.08336,-0.581521,-1.33133,-1.45348,-1.18063,-1.32187,-1.30391,-0.792184,-1.33148,-1.30149,-1.29561,-1.18395,-1.20216,-1.87794,-1.33016,-1.41582,-1.22417,-1.21164,-0.608027,-0.810036,-0.923008,-0.783925,-0.415796,-0.00228793,-0.00307259,-1.20429,-0.255749,-0.191763,-0.140321,-0.0950971,-0.45001,-1.01519,-1.46593,-1.29161,-1.30902,-1.45671,-1.23001,-1.2155,-1.20521,-1.25666,-1.37531
-1.26168,-0.173566,-0.317956,-0.173875,-0.904671,-0.198585,216.004,-0.00359093,-0.499845,-0.422172,-1.43692,-1.40611,-1.07129,-1.15595,-1.66652,-0.736105,-1.26659,-1.31738,-1.2932,-1.3626,-1.20674,-1.19476,-1.18772,-1.19923,-1.23923,-1.59183,-1.2645,-1.49117,-1.31808,-1.34209,-1.37723,-1.32581,-0.907942,-0.919802,-0.423811,-0.417458,-1.58687,-1.38678,-1.08286,-1.39054,-1.11,-0.702374,-0.762144,-0.683519,-0.8825,-1.10318,-1.24175,-1.29052,-1.1162,-1.11391,-1.10005,-1.60426,-0.806035,-1.09768,-1.29453,-0.862707,-1.09824,-1.11729,-1.12769,-1.12491,-1.16378,-1.11018,-1.24846,-1.07818,-1.12376,-0.695414,-1.55492,-1.52562,-1.3406,-1.36898,-1.07764,-1.08093,-1.40154,-1.43058,-1.30344,-1.03493,-1.35507,-0.959432,-1.62843,-0.87906,-1.46341,-1.3746,-0.918659,-1.57273,-1.3721,-1.34819,-1.31837,-1.2726,-0.437458,-1.08695,-0.30333,-0.467966,-1.35902,-0.649515,-0.563495,-0.0152131,-0.00277312,-0.451381,-0.703701,-1.24645,-1.29357,-1.23107,-1.28961,-1.47042,-1.58307,-1.34517,-1.06443,-1.68195,-1.2445,-1.3802,-1.39611,-1.23615,-1.36431,-1.3758,-1.07224,-0.667109,-0.837342,-1.3676,-0.823217,-0.921458,-0.852328,-1.16592,-1.39192,-1.60223,-1.52964,-1.31257,-1.07892,-1.08082,-0.6551,-0.801837,-1.11014,-1.12319,-1.08922,-1.1084,-0.664338,-0.655305,-0.698805,-1.38332,-1.10006,-1.36845,-1.10469,-1.07678,-1.08686,-0.658648,-0.745932,-0.677703,-0.649249,-0.765811,-0.616155,-1.08037,-0.827717,-0.326059,-0.175883,-0.155934,-0.372004,-0.171594,-0.0142054,-1.69786,-1.33968,-1.37725,-1.20687,-1.06744,-0.992662,-1.10637,-0.635865,-1.07153,-1.16302,-0.586837,-0.307845,-1.08031,-1.5732,-1.28101,-1.10467,-1.40669,-1.3522,-0.683904,-1.40536,-1.48016,-1.34944,-1.10386,-1.08688,-1.29741,-1.40475,-1.30758,-1.21355,-1.0798,-1.15767,-0.873775,-1.12621,-0.523538,-0.521148,-0.178064,-0.188116,-1.07904,-0.665186,-1.27194,-0.631341,-0.396581,-1.04279,-0.50845,-1.33014,-1.38572,-1.34443,-1.27174,-1.10957,-1.11085,-1.07228,-1.10315,-1.37326
-1.14561,-0.206611,-0.884818,-0.205383,-0.952329,-0.175779,-0.00359093,216.145,-0.406622,-0.535738,-1.18303,-1.30977,-1.07805,-0.819224,-1.16914,-0.695067,-1.21035,-1.1612,-1.34881,-1.11988,-1.11485,-1.08103,-1.09285,-1.13231,-1.14373,-1.29965,-1.17027,-1.22725,-1.23399,-1.22909,-1.36331,-1.14713,-1.05899,-1.0883,-0.637852,-0.559214,-1.32502,-1.22204,-1.10405,-1.22532,-1.10138,-1.04868,-1.16485,-0.986456,-1.11045,-1.12117,-1.31125,-1.22079,-1.13478,-1.15088,-1.14226,-1.28502,-1.22439,-1.11094,-1.15715,-0.872094,-1.10118,-1.18249,-1.12703,-1.06024,-1.14013,-1.0615,-1.24217,-1.07853,-0.719258,-1.02805,-1.1634,-1.18781,-1.15774,-1.2203,-1.07783,-1.04428,-1.15226,-1.17728,-1.26911,-0.850066,-1.21918,-0.837854,-1.18214,-0.861224,-1.29032,-1.25808,-1.2197,-1.30246,-1.17826,-1.25618,-1.26017,-1.22934,-3.55779,-1.07676,-0.419178,-3.19333,-1.16776,-0.968578,-1.27867,-0.000881417,-0.0117163,-0.474046,-1.12769,-1.3268,-1.16735,-1.20548,-1.17269,-1.42609,-1.28418,-1.15078,-1.16972,-1.24231,-1.27234,-1.26375,-1.24067,-1.14902,-1.23611,-1.20943,-1.07297,-0.911543,-0.649686,-1.2643,-0.932505,-0.812143,-0.614856,-0.747566,-1.53159,-1.26117,-1.19611,-1.13649,-1.07411,-1.11185,-0.764563,-1.19207,-0.766309,-1.12745,-1.09442,-1.07382,-0.894897,-0.762187,-1.03824,-1.18048,-1.10056,-1.19852,-1.07922,-1.08342,-1.07718,-0.99775,-1.13488,-0.962971,-0.63211,-1.14112,-0.804782,-1.12463,-1.0291,-0.17761,-0.306248,-0.00198777,-0.571997,-0.223778,-0.00989689,-1.30485,-1.15056,-1.18598,-1.10782,-1.08898,-1.03592,-0.823939,-0.645836,-0.955323,-1.14004,-0.524556,-0.295659,-0.911151,-1.30873,-1.16702,-1.08162,-1.22964,-1.27889,-0.924212,-1.22078,-1.42058,-1.2685,-1.11973,-1.07168,-1.16572,-1.42825,-1.14522,-1.17472,-1.06725,-0.816074,-1.13133,-0.841469,-0.69117,-0.292915,-0.329446,-0.440323,-1.07351,-0.322175,-0.364565,-1.15599,-2.87075,-0.725269,-0.428558,-1.15857,-1.27301,-1.28856,-1.1874,-1.07823,-1.0894,-1.07576,-1.08075,-1.17882
-1.14422,-0.702533,-0.438929,-0.708819,-0.785773,-0.975962,-0.499845,-0.406622,211.856,-0.225741,-1.21157,-1.1469,-1.08934,-0.865611,-1.32637,-1.08053,-1.25665,-1.16498,-1.18385,-1.11694,-1.13294,-1.13093,-1.13716,-1.10593,-1.14912,-1.18674,-1.13248,-1.19569,-1.1321,-1.13595,-1.14879,-1.25245,-1.0071,-0.99556,-0.775773,-0.825909,-1.17707,-1.16006,-1.07668,-1.15826,-1.09163,-0.850707,-0.82697,-0.866828,-0.96249,-1.08288,-1.25838,-1.13308,-1.08376,-1.07686,-1.08333,-1.19547,-0.827395,-1.08782,-1.1996,-1.08144,-1.09232,-1.06786,-1.09094,-1.12411,-1.08294,-1.12431,-1.27717,-1.08877,-0.968856,-0.855607,-1.30165,-1.25039,-1.19516,-1.14844,-1.08917,-1.0907,-1.28452,-1.21872,-1.18533,-1.09224,-1.14938,-1.11836,-1.29224,-1.09459,-1.16036,-1.14583,-0.823085,-1.18081,-1.18185,-1.13536,-1.1362,-1.15247,-0.467169,-1.08921,-0.643784,-0.465758,-1.17345,-0.845468,-0.614013,-0.464352,-0.408258,-0.452819,-0.772478,-1.25586,-1.27304,-1.11555,-1.29836,-1.14775,-1.1907,-1.1833,-1.02534,-1.23359,-1.26111,-1.14335,-1.15149,-1.19386,-1.14217,-1.15255,-1.09181,-0.891673,-1.0755,-1.14389,-1.02292,-1.10443,-1.04757,-0.899887,-1.15209,-1.19953,-1.23791,-1.19381,-1.09092,-1.0733,-0.970637,-0.821425,-0.824215,-1.07907,-1.09596,-1.10514,-0.89827,-0.972452,-0.85318,-1.18714,-1.07736,-1.15811,-1.08698,-1.08653,-1.08902,-0.838229,-0.81015,-0.873868,-1.04969,-0.808377,-0.905185,-1.06774,-0.777675,-0.834254,-0.52389,-0.506414,-0.725119,-0.639286,-0.426467,-1.2035,-1.27961,-1.17757,-1.14018,-1.08433,-1.08478,-1.03132,-1.03243,-1.12611,-1.02902,-1.09136,-0.990862,-0.83779,-1.17817,-1.19554,-1.08587,-1.16203,-1.14606,-0.902691,-1.16606,-1.15154,-1.14369,-1.0835,-1.09166,-1.32247,-1.15463,-1.1897,-1.10853,-1.09424,-0.866834,-0.91888,-1.01801,-0.897937,-0.930803,-0.510529,-0.476701,-1.09119,-0.812872,-0.658668,-0.471966,-0.45572,-0.0839895,-1.36359,-1.2074,-1.14564,-1.14631,-1.19318,-1.10286,-1.09729,-1.09043,-1.11002,-1.18151
-1.08886,-1.01097,-0.556197,-1.00618,-0.806416,-0.76367,-0.422172,-0.535738,-0.225741,210.008,-1.09978,-1.10561,-1.07995,-0.823033,-1.11259,-1.03451,-1.19307,-1.09257,-1.17838,-1.02367,-1.08143,-1.06497,-1.07893,-1.06452,-1.09872,-1.09394,-1.08862,-1.09638,-1.09383,-1.08996,-1.12608,-1.1375,-1.07259,-1.06468,-1.03503,-1.05811,-1.09552,-1.09151,-1.07501,-1.09048,-1.08006,-1.02151,-0.971018,-1.04261,-1.06768,-1.08304,-1.25386,-1.09601,-1.08591,-1.08674,-1.09523,-1.0939,-0.967181,-1.0854,-1.11872,-1.08106,-1.08507,-1.0896,-1.08572,-1.08516,-1.07148,-1.09152,-1.23238,-1.07689,-0.852275,-1.02874,-1.11826,-1.10737,-1.1032,-1.08377,-1.07716,-1.0594,-1.13977,-1.10396,-1.14919,-0.993881,-1.09145,-1.03152,-1.10809,-1.07381,-1.09578,-1.09552,-0.916099,-1.09268,-1.0945,-1.09012,-1.09948,-1.11509,-0.680172,-1.07311,-1.13565,-0.656003,-1.08538,-1.01354,-0.753585,-0.425158,-0.552985,-0.519822,-0.868595,-1.25817,-1.17164,-1.09678,-1.1938,-1.1211,-1.09273,-1.08882,-1.04894,-1.08909,-1.23622,-1.0941,-1.08934,-1.12681,-1.08528,-1.08165,-1.07949,-1.06413,-0.92804,-1.09763,-1.08956,-1.01945,-0.88311,-0.821593,-1.16998,-1.08821,-1.10146,-1.09834,-1.07655,-1.07586,-1.0818,-0.946894,-0.77832,-1.07474,-1.08895,-1.08021,-1.06814,-1.08149,-1.02523,-1.09749,-1.06778,-1.08355,-1.06573,-1.07759,-1.07316,-1.00313,-0.932761,-1.04984,-1.01475,-0.921611,-1.06026,-1.07591,-0.82374,-0.5541,-0.959255,-0.422194,-1.04687,-1.04715,-0.443385,-1.08834,-1.15206,-1.09326,-1.082,-1.0818,-1.08456,-0.923102,-1.03162,-1.04434,-1.01378,-0.957086,-0.914985,-0.832958,-1.09262,-1.12414,-1.06579,-1.09235,-1.10916,-1.07947,-1.09251,-1.12156,-1.10322,-1.08275,-1.07305,-1.20234,-1.14397,-1.10051,-1.08073,-1.07605,-0.82283,-1.00635,-0.919279,-1.05919,-0.678892,-0.927183,-0.821204,-1.07648,-0.589661,-0.552201,-0.595087,-0.639228,-0.219074,-0.367222,-1.11638,-1.09888,-1.1152,-1.1354,-1.07984,-1.07953,-1.07951,-1.09086,-1.0942
-1.70805,-1.27584,-1.28002,-1.27909,-1.45489,-1.43637,-1.43692,-1.18303,-1.21157,-1.09978,250.283,-0.243169,-1.31041,-2.02919,-0.906367,-1.63632,-0.287006,-1.63814,-0.232522,-2.22883,-1.53881,-2.15808,-1.60091,-1.47557,-1.42072,-0.512318,-1.41323,-0.836748,-0.793525,-0.935971,-0.180421,-0.327057,-1.13748,-1.12428,-1.2054,-1.24667,-0.463072,-0.648633,-1.27286,-0.626079,-1.41267,-1.17935,-1.21726,-1.1798,-1.12998,-1.26346,-0.441154,-0.762066,-1.27025,-1.18768,-1.14847,-0.648814,-1.2259,-1.2729,-0.561925,-1.43847,-1.32048,-1.08936,-1.38859,-1.72352,-1.56561,-1.53995,-0.409687,-1.36114,-2.94284,-1.17798,-0.9037,-1.15146,-1.03385,-0.735555,-1.35979,-1.7535,-0.586818,-0.934378,-0.0802764,-3.82906,-0.795522,-2.13531,-0.950987,-1.52929,-0.0316848,-0.418237,-1.35184,-0.440103,-1.24446,-0.522207,-0.478768,-0.483474,-1.2177,-1.44096,-1.21737,-1.23201,-1.63485,-1.18189,-1.29014,-1.38999,-1.17549,-1.35373,-1.25113,-0.447917,-0.312355,-0.942352,-0.440138,-0.310504,-0.527543,-1.98555,-1.08162,-0.912869,-0.401406,-0.448599,-0.560958,-0.555037,-0.619322,-0.827909,-1.33783,-1.1974,-2.43259,-0.396985,-1.21863,-2.17737,-2.70318,-2.35921,-0.415617,-0.797169,-1.16548,-1.27572,-1.38842,-1.22544,-1.30901,-1.26012,-1.72059,-1.35866,-1.28467,-1.55084,-1.20478,-1.31256,-1.17854,-1.70443,-1.40522,-0.959918,-1.58679,-1.32669,-1.43849,-1.18235,-1.25226,-1.18329,-1.60366,-1.27526,-1.2308,-1.16917,-1.37598,-1.62539,-1.1855,-1.44368,-1.20446,-1.24217,-1.30623,-0.750703,-0.402935,-1.1557,-1.52629,-1.23802,-1.19621,-5.12757,-1.51581,-2.51388,-1.43016,-1.65156,-1.45902,-1.7563,-0.427639,-0.469729,-1.56734,-0.709618,-0.400252,-1.1919,-0.815257,-0.296664,-0.375775,-1.27409,-1.46839,-0.48915,-0.266166,-1.12578,-1.04065,-1.42896,-2.04106,-1.16629,-4.67738,-1.2003,-1.86427,-1.18095,-1.17533,-1.39131,-1.62879,-1.60602,-1.29897,-1.2348,-1.19407,-1.20828,-0.885437,-0.451169,-0.422048,-0.432782,-1.53784,-1.48668,-1.32661,-1.4174,-1.24735
-1.27528,-1.25208,-1.41741,-1.25252,-1.84531,-1.29478,-1.40611,-1.30977,-1.1469,-1.10561,-0.243169,281.539,-1.59429,-2.19837,-0.563887,-1.34917,-0.336827,-0.727457,-0.557436,-2.27395,-1.39321,-1.74231,-1.34416,-3.13441,-1.082,-0.682387,-1.65225,-0.242647,-2.12017,-2.18569,-1.23953,-0.316573,-1.46565,-1.52197,-1.31849,-1.30627,-0.806097,-0.630065,-1.82563,-0.661166,-1.77726,-1.44795,-1.58173,-1.40689,-1.45949,-1.7384,-0.560714,-1.60189,-1.77341,-1.74989,-1.51887,-0.618087,-1.60549,-1.63526,-0.254558,-1.28477,-1.61273,-1.6808,-1.83631,-1.3941,-2.75059,-1.30574,-0.471542,-1.68309,-1.96447,-1.43256,-0.48274,-0.396787,-0.279794,-1.75237,-1.67202,-2.05271,-0.328706,-0.185545,-0.251998,-1.74852,-1.01129,-1.39383,-0.529018,-1.29064,-0.759647,-1.46219,-1.84305,-0.795637,-0.320132,-7.37402,-2.3427,-0.958857,-1.36046,-1.79334,-1.23587,-1.37465,-0.778338,-1.43919,-1.52169,-1.40832,-1.30207,-1.46047,-1.62992,-0.561647,-0.342338,-1.63187,-0.400578,-1.41651,-0.667146,-0.64318,-2.02568,-0.657146,-0.494764,-2.25435,-0.95251,-0.509151,-2.75583,-1.35571,-1.5842,-1.37244,-1.56986,-1.8426,-1.3067,-1.45487,-1.66423,-2.12918,-0.981934,-0.667359,-0.439132,-0.565441,-1.67337,-1.80054,-1.32988,-1.67861,-1.91084,-2.1162,-1.4875,-1.59386,-1.3672,-1.32967,-1.44004,-0.244559,-2.13719,-1.16403,-2.10385,-1.68088,-1.79511,-1.45847,-1.66103,-1.39472,-1.38339,-1.70831,-1.36731,-1.7905,-1.78456,-1.39316,-1.25786,-1.40495,-1.29103,-1.24828,-1.38921,-0.803892,-0.34732,-0.385912,-1.27938,-1.57693,-1.41129,-2.23177,-1.36514,-1.53375,-4.63563,-1.35812,-1.31407,-2.18373,-0.822857,-0.250351,-2.1195,-0.401254,-0.810636,-1.34711,-0.374466,-1.45634,-1.36252,-1.7452,-1.7646,-0.433573,-1.02255,-0.598845,-2.23455,-1.65041,-2.19709,-1.68335,-2.41841,-1.30733,-1.49002,-1.26266,-1.28328,-1.67083,-1.39584,-1.44612,-1.42454,-1.37993,-1.20588,-1.14435,-0.195076,-1.4769,-0.71968,-0.187392,-1.63507,-1.72227,-1.59614,-1.41609,-0.322225
-1.27505,-1.20349,-1.08904,-1.20394,-0.963012,-1.20284,-1.07129,-1.07805,-1.08934,-1.07995,-1.31041,-1.59429,291.199,-0.929187,-1.14931,-1.19444,-2.88288,-1.26305,-6.66298,-0.928529,-1.02859,-0.995151,-1.03853,-1.11978,-1.61022,-1.30304,-1.3748,-1.29977,-1.4319,-1.31397,-2.09143,-1.64359,-0.877623,-0.810669,-1.17021,-1.20312,-1.3281,-1.34364,-0.0962715,-1.32181,-2.28748,-1.06852,-1.01849,-1.09862,-0.956004,-1.7545,-3.19897,-1.61481,-2.29287,-1.54027,-2.40429,-1.28321,-1.00977,-3.19179,-1.75069,-1.08598,-5.8936,-1.27154,-3.58279,-1.31053,-1.41254,-1.4512,-2.79469,-0.371762,-0.963345,-1.07762,-1.22037,-1.26548,-1.38281,-1.30286,-0.440101,-1.21746,-1.43397,-1.32289,-6.32027,-0.938793,-1.35352,-0.952074,-1.18375,-1.06505,-1.40604,-1.45287,-0.979956,-1.3199,-1.30606,-1.43217,-1.72663,-2.97225,-1.09668,-0.265526,-1.18344,-1.09053,-1.251,-1.0808,-1.0697,-1.06808,-1.08269,-1.08559,-0.999314,-3.22604,-2.02013,-1.7155,-1.97804,-1.69211,-1.29911,-1.25912,-0.705573,-1.19565,-3.2371,-1.43059,-1.32526,-2.40234,-1.33552,-1.24998,-1.0775,-1.14373,-1.09465,-1.50381,-1.07048,-0.929639,-1.05133,-0.934536,-2.17809,-1.2398,-1.27352,-1.36232,-0.340295,-0.0857876,-1.22522,-1.00546,-0.942884,-1.06497,-10.5487,-1.31892,-1.15515,-1.22606,-1.07312,-1.31071,-0.10435,-1.28152,-0.0697993,-0.325605,-0.2137,-1.06625,-1.00617,-1.11168,-1.21978,-1.00002,-1.18267,-0.0488164,-0.975027,-1.14218,-1.16325,-1.07203,-1.17415,-1.19553,-1.06583,-1.23636,-1.64136,-1.30463,-1.09947,-0.326136,-1.82485,-0.780673,-1.23056,-0.755979,-0.561033,-1.16336,-1.21648,-0.934114,-1.31821,-2.07981,-0.190416,-1.32262,-1.82489,-1.15091,-1.31433,-1.69366,-1.67912,-1.82875,-0.2516,-1.8101,-2.23,-1.47498,-1.19662,-0.210497,-0.929229,-0.849461,-0.778541,-1.17635,-1.11639,-1.15739,-1.13878,-0.311042,-1.11937,-1.09429,-1.07817,-1.09452,-1.0528,-1.09282,-1.52907,-1.48491,-2.02718,-2.82214,-1.45858,-1.8867,-1.57483,-2.29428,-1.30538
-1.45581,-0.560714,-0.89307,-0.561055,-0.710594,-0.606792,-1.15595,-0.819224,-0.865611,-0.823033,-2.02919,-2.19837,-0.929187,250.201,-2.17363,-0.241001,-1.43316,-1.64563,-1.63953,-2.35275,-1.30955,-1.32384,-1.26555,-1.40408,-1.37196,-3.20552,-1.49995,-2.35989,-1.76714,-1.85509,-2.07238,-1.56235,-0.53608,-0.555209,-0.268045,-0.26087,-3.30718,-2.03876,-0.969789,-2.06625,-1.01229,-0.151031,-0.176284,-0.14363,-0.452373,-1.00386,-1.41038,-1.66456,-1.03471,-1.03425,-0.993913,-3.14556,-0.27738,-0.985075,-1.5354,-0.404937,-0.981901,-1.05038,-1.05972,-1.00592,-1.17435,-0.972999,-1.39311,-0.946367,-0.356839,-0.148453,-2.02116,-2.16891,-1.68987,-2.05354,-0.944618,-0.970964,-1.67849,-1.96115,-1.65091,-0.584199,-1.90317,-0.499815,-2.26807,-0.422903,-2.52174,-2.04599,-0.376759,-3.1731,-1.86017,-2.00007,-1.84822,-1.61521,-0.766849,-0.967443,-0.557971,-0.802859,-1.87556,-0.00473066,-0.603451,-1.16528,-0.79702,-1.03898,-0.392567,-1.41745,-1.47109,-1.42217,-1.43554,-2.57407,-3.09412,-1.77412,-1.01193,-3.10445,-1.40422,-2.08757,-2.13354,-1.40271,-2.05919,-2.06553,-0.929057,-0.137503,-0.176787,-2.01723,-0.357808,-0.41657,-0.00755348,-0.01994,-2.03975,-3.07271,-2.28418,-1.62242,-0.945849,-0.967334,-0.130197,-0.195812,-1.96398,-1.06205,-0.956021,-0.990936,-0.13616,-0.130217,-0.149523,-1.86675,-1.01474,-1.99989,-1.01552,-0.945214,-0.967415,-0.00676458,-0.0059118,-0.141303,-0.0031272,-0.00274242,-0.0016463,-0.970234,-0.556742,-0.795236,-0.57906,-1.15001,-0.371775,-0.559161,-1.07527,-3.91251,-1.55961,-1.90234,-1.32088,-0.924685,-0.804415,-0.69612,-0.00745392,-0.915976,-1.38573,-0.258033,-0.411227,-0.0409388,-3.2125,-1.50815,-1.01703,-2.10735,-1.91216,-0.203581,-2.07701,-2.61318,-1.92718,-1.00509,-0.964404,-1.43003,-2.14058,-1.62388,-1.41443,-0.944247,-0.363843,-0.414962,-0.786195,-0.237002,-0.617889,-0.58615,-0.616838,-0.945829,-0.846097,-1.03301,-0.95259,-0.790424,-1.07274,-0.852346,-1.60593,-2.08169,-1.86474,-1.48039,-0.996916,-1.00744,-0.930498,-0.973159,-1.86669
-1.15536,-1.31905,-1.28487,-1.32493,-1.43976,-1.64554,-1.66652,-1.16914,-1.32637,-1.11259,-0.906367,-0.563887,-1.14931,-2.17363,247.685,-1.78897,-0.310613,-1.07319,-0.278178,-1.54948,-1.17354,-1.35182,-1.21902,-1.14143,-1.09473,-0.436655,-1.06537,-0.771686,-0.829336,-0.876599,-0.405932,-0.683324,-1.0711,-1.05611,-1.1719,-1.23158,-0.397538,-0.819384,-1.11446,-0.813205,-1.1726,-1.11183,-1.14004,-1.11694,-1.05764,-1.09885,-0.0909027,-0.830015,-1.09188,-1.04837,-1.0336,-0.475312,-1.14538,-1.10953,-0.846978,-1.41851,-1.13681,-0.989867,-1.14316,-1.3542,-1.19993,-1.2845,-0.141157,-1.16997,-6.21339,-1.11206,-0.789683,-0.856535,-0.976582,-0.837133,-1.1701,-1.34272,-0.604344,-0.914679,-0.467679,-3.65989,-0.851761,-2.27923,-0.759218,-1.52474,-0.571759,-0.707545,-1.26322,-0.449555,-0.962373,-0.724033,-0.688485,-0.691306,-1.19228,-1.2032,-1.22028,-1.21294,-1.0272,-1.12029,-1.25847,-1.54472,-1.15768,-1.40504,-1.19489,-0.053454,-0.407339,-0.89813,-0.294642,-0.305965,-0.47924,-1.07944,-1.00855,-0.499237,-0.147646,-0.706433,-0.778554,-0.790684,-0.786115,-0.879635,-1.16588,-1.14097,-3.86683,-0.688034,-1.17396,-2.26148,-6.38436,-2.91201,-0.184708,-0.616677,-0.821956,-1.05233,-1.18514,-1.08952,-1.28672,-1.17708,-1.86797,-1.13449,-1.12752,-1.25421,-1.14991,-1.29145,-1.11182,-0.976227,-1.17093,-0.910914,-1.2532,-1.15161,-1.20177,-1.11893,-1.17624,-1.12223,-1.71949,-1.19722,-1.18539,-1.05828,-1.33762,-2.19283,-1.16524,-1.68596,-1.17751,-1.26025,-1.36994,-0.318607,-0.51543,-0.940725,-1.1745,-1.10897,-1.11315,-5.66461,-1.5829,-1.8478,-1.21712,-1.95816,-1.6349,-1.74905,-0.439319,-0.78429,-1.24447,-0.815813,-0.641136,-1.13659,-0.845338,-0.285623,-0.663847,-1.10425,-1.21879,-0.183739,-0.262804,-0.996565,-0.968546,-1.2085,-2.19489,-1.09067,-4.42909,-1.17398,-2.9652,-1.1571,-1.1443,-1.18702,-2.219,-2.07721,-1.31511,-1.21581,-1.25621,-1.31578,-0.923085,-0.681812,-0.61834,-0.701427,-1.24353,-1.2117,-1.1584,-1.20009,-0.962935
-1.36003,-1.09971,-0.598785,-1.10817,-0.438071,-1.2822,-0.736105,-0.695067,-1.08053,-1.03451,-1.63632,-1.34917,-1.19444,-0.241001,-1.78897,246.163,-2.91901,-1.45669,-1.84375,-1.21112,-1.36543,-1.40242,-1.44907,-1.25273,-1.44126,-1.39992,-1.29014,-1.48359,-1.28492,-1.27241,-1.44523,-2.32287,-0.72857,-0.674309,-0.536284,-0.652418,-1.37177,-1.39975,-1.09255,-1.38525,-1.13186,-0.12237,-0.108454,-0.132454,-0.42198,-1.0853,-2.93415,-1.33123,-1.07058,-1.03153,-1.08685,-1.41697,-0.0355893,-1.12406,-1.84899,-1.19427,-1.15366,-0.977883,-1.10281,-1.33215,-1.01218,-1.37336,-3.4798,-1.17971,-0.132152,-0.126985,-1.8999,-1.71489,-1.67282,-1.37149,-1.18322,-1.21975,-2.28374,-1.68571,-1.80959,-0.669032,-1.35626,-1.04473,-1.73956,-1.36837,-1.37424,-1.3494,-0.03367,-1.39856,-1.52856,-1.33608,-1.38098,-1.55882,-0.571586,-1.16864,-0.887867,-0.564021,-1.50594,-0.289803,-0.402029,-0.709013,-0.70254,-0.600104,-0.451713,-2.83997,-2.93402,-1.24318,-3.55174,-1.36652,-1.42237,-1.58323,-0.908137,-1.5029,-3.07813,-1.33172,-1.34807,-2.00701,-1.34822,-1.37978,-1.2107,-0.149751,-0.268251,-1.34918,-0.707347,-1.11575,-0.469421,-0.258365,-1.49049,-1.42955,-1.65893,-1.72745,-1.19354,-1.07363,-0.252252,-0.104674,-0.45488,-1.03874,-1.19297,-1.22471,-0.155901,-0.256142,-0.123883,-1.53766,-1.0751,-1.41763,-1.12631,-1.16602,-1.16753,-0.279633,-0.241261,-0.137262,-3.97663,-0.237894,-0.396157,-1.04003,-0.438935,-0.907538,-0.80156,-0.741289,-0.603989,-1.0047,-0.683121,-1.41027,-2.6053,-1.49797,-1.44227,-1.16372,-1.38309,-0.571543,-1.67303,-1.51059,-0.855284,-3.42245,-1.49147,-0.231,-1.38828,-1.86726,-1.11953,-1.38127,-1.38301,-0.0508611,-1.40124,-1.37308,-1.37333,-1.08834,-1.1854,-4.02125,-1.46663,-1.72109,-1.23823,-1.21563,-0.241482,-0.462101,-0.542847,-0.814485,-0.776518,-0.776057,-0.709354,-1.19521,-0.787923,-0.670947,-0.552868,-0.575696,-0.818301,-1.08032,-1.79896,-1.33476,-1.39588,-1.88991,-1.20677,-1.16726,-1.20062,-1.27163,-1.5248
-1.4725,-1.58624,-1.24544,-1.59002,-1.29008,-1.67322,-1.26659,-1.21035,-1.25665,-1.19307,-0.287006,-0.336827,-2.88288,-1.43316,-0.310613,-2.91901,312.747,-0.973073,-0.157316,-0.995906,-1.80537,-1.87245,-2.06309,-1.48579,-1.78011,-0.028871,-1.32431,-0.230642,-0.790924,-0.766978,-0.234187,-0.487577,-1.96456,-1.7802,-1.62383,-1.76553,-0.0210411,-0.514612,-2.22465,-0.504146,-2.58401,-1.54638,-1.42802,-1.63021,-1.6734,-2.22484,-0.727236,-0.885604,-2.15365,-1.92629,-2.13767,-0.106492,-1.39429,-2.45089,-0.97267,-4.29016,-2.68166,-1.66362,-2.37837,-4.73734,-1.92475,-5.74981,-0.880767,-2.82305,-1.71305,-1.5713,-0.200401,-0.0590321,-0.695347,-0.595168,-2.84873,-3.13065,-0.082738,-0.273344,-0.433833,-3.06378,-0.657423,-3.93283,-0.22049,-4.74162,-0.231738,-0.492918,-1.35148,-0.0904938,-0.585682,-0.579106,-0.62661,-0.839488,-1.25187,-2.79495,-1.50503,-1.24391,-0.679855,-1.57797,-1.29366,-1.24113,-1.21675,-1.25394,-1.30652,-0.661431,-0.378536,-1.23056,-0.774528,-0.176204,-0.0902906,-0.738509,-1.38159,-0.214143,-0.808941,-0.506372,-0.508779,-1.88884,-0.581858,-0.594734,-3.04412,-1.77268,-2.53689,-0.494435,-2.58088,-4.41081,-2.22666,-1.51386,-0.308037,-0.239499,-0.142622,-0.886766,-2.9516,-2.10304,-2.30589,-1.39957,-1.32799,-2.02695,-2.93428,-3.43499,-1.81371,-2.31971,-1.55885,-0.567927,-2.19163,-0.624307,-2.53659,-2.6979,-2.78471,-1.54085,-1.40253,-1.66899,-2.95794,-1.39153,-1.92258,-1.923,-1.28949,-1.52839,-1.41301,-1.27115,-1.5679,-1.53974,-1.21188,-0.172424,-0.208584,-0.566825,-1.81469,-2.59298,-3.24114,-1.85361,-2.84378,-4.08389,-1.28204,-2.45215,-1.91708,-1.38185,-0.0850881,-1.09162,-2.48988,-0.484105,-0.513525,-1.7858,-0.493519,-0.00391485,-0.517212,-2.24775,-2.93949,-0.532117,-0.0157481,-0.916932,-1.26555,-3.17262,-1.43573,-1.44679,-1.77249,-1.8156,-1.65467,-1.39408,-1.34038,-2.96886,-1.47916,-1.38066,-1.23599,-1.2511,-1.13676,-1.26428,-0.799725,-0.469461,-0.529784,-1.22313,-3.24955,-2.87975,-2.95013,-3.9117,-0.587369
-1.91723,-1.24182,-1.22524,-1.24411,-1.34676,-1.34663,-1.31738,-1.1612,-1.16498,-1.09257,-1.63814,-0.727457,-1.26305,-1.64563,-1.07319,-1.45669,-0.973073,273.22,-0.957227,-1.92435,-1.75837,-5.235,-2.18737,-1.99062,-1.09257,-1.18835,-1.08767,-1.34,-0.117302,-0.223377,-0.924023,-1.25106,-1.07373,-1.05726,-1.18317,-1.21873,-1.12584,-1.06098,-1.21876,-0.97617,-1.32977,-1.13053,-1.156,-1.1337,-1.04555,-1.12733,-0.963031,-0.531603,-1.11752,-1.00953,-0.976396,-1.21207,-1.15366,-1.13933,-1.05433,-1.2974,-1.20005,-0.903751,-1.29187,-1.62372,-1.53494,-1.37746,-0.965,-1.33935,-1.96408,-1.13034,-1.13916,-1.27749,-1.76483,-1.33372,-1.33625,-2.1251,-1.15728,-1.5306,-1.06618,-2.51925,-0.539653,-1.70467,-1.13381,-1.35719,-1.05676,-0.695847,-1.24458,-1.21826,-2.18617,-0.938373,-0.906347,-1.03616,-1.1759,-1.46359,-1.18838,-1.1844,-3.01182,-1.14945,-1.22689,-1.29048,-1.15699,-1.27198,-1.21481,-0.945096,-1.09184,-0.494739,-1.0468,-0.965022,-1.25612,-3.22306,-1.0836,-1.22747,-0.961121,-0.773572,-0.937077,-1.13063,-1.1232,-1.45738,-1.30042,-1.15254,-1.86857,-0.652984,-1.14108,-1.80102,-1.96444,-1.78132,-0.95192,-1.26589,-1.39517,-2.38672,-1.37587,-1.153,-1.24751,-1.18881,-1.48841,-1.25123,-1.14326,-1.50124,-1.15948,-1.2503,-1.1303,-1.65618,-1.41241,-1.82195,-1.71429,-1.29142,-1.45906,-1.14828,-1.19812,-1.13782,-1.47953,-1.21543,-1.19979,-1.07694,-1.29885,-1.4374,-1.17157,-1.32124,-1.17907,-1.21703,-1.23993,-1.19928,-1.18355,-1.97715,-2.05261,-1.16699,-1.25321,-2.54231,-1.41984,-2.57565,-1.3916,-1.50834,-1.37244,-1.51291,-1.18751,-0.92865,-1.68355,-0.881341,-0.561613,-1.14048,-0.987965,-0.957065,-0.630652,-1.14175,-1.50305,-1.02813,-0.934506,-3.05014,-0.96113,-1.43112,-1.65094,-1.11733,-2.50602,-1.19743,-1.56614,-1.16743,-1.16074,-1.38089,-1.42028,-1.40228,-1.22593,-1.19031,-1.1457,-1.16168,-1.02595,-0.57908,-0.538026,-0.652566,-1.49286,-1.43238,-1.28559,-1.27731,-2.19619
-1.55606,-1.47915,-1.40619,-1.47846,-1.60312,-1.44138,-1.2932,-1.34881,-1.18385,-1.17838,-0.232522,-0.557436,-6.66298,-1.63953,-0.278178,-1.84375,-0.157316,-0.957227,539.586,-1.05551,-1.87306,-1.73889,-1.80651,-2.30985,-1.73571,-0.106277,-1.77607,-0.282685,-1.2803,-1.12599,-0.344734,-0.190525,-3.74069,-3.60561,-1.76287,-1.76808,-0.107888,-0.60377,-14.0812,-0.598698,-6.07153,-2.09157,-2.01958,-2.121,-2.80877,-12.0839,-0.612127,-1.47562,-12.3625,-20.4831,-27.3019,-0.181864,-1.97966,-9.23979,-0.642157,-2.25181,-6.84723,-9.93488,-7.43889,-2.61003,-4.55522,-2.74223,-0.337934,-6.50474,-1.60517,-2.10072,-0.188933,-0.134773,-0.552881,-0.693887,-6.40721,-4.15473,-0.143939,-0.231576,-0.790977,-1.88934,-0.850762,-1.83791,-0.214336,-2.13715,-0.276903,-0.696513,-1.89286,-0.0398081,-0.549668,-0.820836,-1.01901,-1.47026,-1.43103,-5.76004,-1.48407,-1.42148,-0.613208,-2.07675,-1.56315,-1.30061,-1.35517,-1.38919,-1.71626,-0.652579,-0.0156833,-2.88009,-0.274234,-0.301135,-0.104102,-0.602497,-3.32237,-0.1983,-0.476416,-0.725789,-0.645752,-0.920222,-0.73191,-0.655849,-5.84695,-2.15378,-1.7116,-0.730014,-2.66366,-1.92687,-1.65297,-1.60381,-0.679271,-0.257826,-0.129589,-0.620459,-5.80987,-22.3107,-2.10639,-1.99217,-1.51129,-7.49736,-6.01861,-3.74189,-2.16011,-2.10354,-2.09647,-0.546586,-7.47032,-0.657843,-4.87991,-7.50151,-5.81763,-2.05983,-1.96593,-2.13212,-1.91387,-1.95063,-2.14338,-23.3944,-1.64409,-1.37179,-1.47948,-1.2923,-1.65994,-1.48373,-1.31499,-0.16967,-0.0137379,-0.554958,-1.68119,-9.37794,-4.75322,-1.68247,-1.95703,-1.91504,-2.14264,-1.65787,-1.56476,-1.69687,-0.0125682,-0.72419,-5.06329,-0.593401,-0.899109,-2.12863,-0.581633,-0.148348,-0.826545,-11.2318,-5.19071,-0.229705,-0.224606,-0.663726,-2.49452,-4.99007,-1.63777,-2.39788,-1.70372,-1.8856,-1.4367,-1.47719,-1.46679,-5.7269,-1.35484,-1.34502,-1.395,-1.4283,-1.17465,-1.19061,-0.595094,-0.715555,-1.03749,-0.883106,-3.97896,-4.75828,-6.25578,-3.80227,-0.554006
-1.78215,-1.09219,-1.26816,-1.09379,-1.38905,-1.19244,-1.3626,-1.11988,-1.11694,-1.02367,-2.22883,-2.27395,-0.928529,-2.35275,-1.54948,-1.21112,-0.995906,-1.92435,-1.05551,401.146,-1.21703,-0.805924,-0.912858,-0.825754,-1.54894,-27.6781,-1.83493,-4.6115,-1.89814,-2.38726,-1.4132,-1.07753,-0.85665,-0.872452,-1.01489,-1.01916,-9.57433,-2.73232,-0.966961,-2.84123,-1.20918,-1.05802,-1.15294,-1.0336,-1.01904,-1.14446,-0.929761,-1.52947,-1.25046,-1.21039,-1.15671,-13.1006,-1.2135,-1.1225,-1.22619,-1.04306,-1.13389,-1.20609,-1.36864,-1.34891,-1.66028,-1.25282,-0.931981,-0.963485,-2.6178,-1.04829,-1.58923,-2.17548,-1.56852,-2.08241,-0.961288,-0.935619,-1.3469,-2.05304,-1.24765,-1.87626,-2.34034,-1.35682,-1.78994,-1.09157,-3.85839,-2.19358,-1.44008,-17.2466,-2.1118,-1.48676,-1.20143,-0.967763,-1.21671,-1.0127,-1.09318,-1.23995,-1.76705,-0.994614,-1.28562,-1.33815,-1.1076,-1.35648,-1.09616,-0.963754,-0.992585,-1.37706,-1.00977,-1.88749,-23.8319,-1.46403,-0.650866,-2.95736,-0.936749,-2.2713,-2.94151,-0.806975,-1.86175,-2.31737,-0.93599,-1.01851,-1.5637,-2.02132,-0.916935,-1.24974,-1.67489,-2.59509,-1.24291,-7.0125,-2.4172,-1.12727,-0.970096,-0.947612,-1.03074,-1.22896,-1.71292,-1.26748,-1.08491,-1.20858,-1.01729,-1.03182,-1.05301,-2.29343,-1.0685,-2.13724,-1.1218,-0.95329,-1.01226,-1.00618,-1.14976,-1.0273,-1.09313,-1.18762,-0.96725,-0.929133,-1.27762,-1.39896,-1.06621,-1.36488,-1.05103,-1.07696,-1.26778,-4.88133,-1.09732,-2.28198,-1.01954,-0.903718,-0.559068,-3.06367,-1.05602,-0.783537,-1.07244,-1.04416,-1.12495,-1.97654,-12.0944,-1.16832,-1.11958,-3.40533,-1.85029,-1.03719,-3.32975,-2.05856,-1.74581,-1.15041,-1.015,-0.986969,-1.53044,-1.13223,-1.02541,-0.977294,-2.36629,-0.946635,-3.87266,-0.875645,-1.49073,-1.06891,-1.08569,-0.970639,-1.46565,-1.53779,-1.3331,-1.2287,-1.19114,-1.11953,-1.54417,-2.40315,-1.77127,-1.20399,-1.21671,-1.22246,-0.934878,-1.20257,-2.14007
