319.601,-1.22908,-1.19393,-1.231,-1.29052,-1.30822,-1.26134,-1.14733,-1.14371,-1.08959,-1.79213,-1.14777,-1.44179,-1.4808,-1.1745,-1.39062,-1.40307,-2.1648,-1.4296,-1.82632,-3.86499,-16.7766,-3.57585,-2.57286,-0.63119,-1.36658,-0.572532,-1.51096,-0.687447,-0.701375,-1.30888,-1.68646,-1.05907,-1.01791,-1.17459,-1.2115,-1.32248,-1.65776,-1.40088,-1.49549,-1.51275,-1.09412,-1.11455,-1.10237,-0.978949,-1.1474,-1.27466,-1.00074,-1.1123,-0.919083,-0.88501,-1.38254,-1.10654,-1.17698,-1.87839,-1.24945,-1.26087,-0.750988,-1.39237,-1.70089,-1.60712,-1.30969,-1.30444,-1.60434,-1.63131,-1.09461,-1.27364,-1.41312,-2.2241,-1.74381,-1.60392,-3.6667,-1.43357,-1.71838,-1.7018,-2.25442,-1.33787,-1.5226,-1.24836,-1.29762,-1.41811,-1.21974,-1.18368,-1.42876,-2.22606,-1.33266,-1.39014,-1.55346,-1.15011,-1.91145,-1.17609,-1.15538,-2.64788,-1.12687,-1.18889,-1.24175,-1.14503,-1.22888,-1.19064,-1.24583,-1.50523,-0.231552,-1.39005,-1.24347,-1.45176,-2.61133,-1.11851,-1.35126,-1.29798,-1.21688,-1.35455,-1.70726,-1.53337,-1.75752,-1.50822,-1.12898,-1.64739,-1.17384,-1.11754,-1.65972,-1.69348,-1.55762,-1.19224,-1.38767,-1.51936,-2.59835,-1.69269,-1.24753,-1.23411,-1.14551,-1.38534,-1.33092,-1.14976,-1.80873,-1.13759,-1.23695,-1.09458,-1.89506,-1.75853,-2.15025,-2.71284,-1.51556,-1.90636,-1.12298,-1.16343,-1.10865,-1.44967,-1.17857,-1.19254,-1.07816,-1.25535,-1.35545,-1.16535,-1.26412,-1.16807,-1.20778,-1.20434,-1.34479,-1.54964,-2.19361,-3.78414,-1.25887,-1.47937,-1.98538,-1.40261,-2.54833,-1.46951,-1.45889,-1.3394,-1.39878,-1.38559,-1.71319,-2.56614,-1.38258,-1.15506,-1.11268,-1.48029,-1.24728,-1.20272,-1.17309,-2.01677,-1.32492,-1.26203,-3.91143,-1.10447,-1.80218,-1.48404,-1.08016,-2.03471,-1.2072,-1.44363,-1.16092,-1.1519,-1.69861,-1.32915,-1.31109,-1.18533,-1.16308,-1.12034,-1.14024,-1.72298,-1.08877,-1.09778,-1.33766,-1.8373,-1.72648,-1.48407,-1.30543,-2.22929
-1.22908,214.803,-0.00121856,-0.230981,-0.525987,-0.00371717,-0.174309,-0.203865,-0.711667,-1.00362,-1.28702,-1.26843,-1.19723,-0.563189,-1.3304,-1.07309,-1.60895,-1.25117,-1.49216,-1.09862,-1.21916,-1.19084,-1.22882,-1.17303,-1.26639,-1.23638,-1.21991,-1.25225,-1.2329,-1.21432,-1.34097,-1.45497,-1.13812,-1.09915,-0.781445,-0.995232,-1.23592,-1.23961,-1.16674,-1.23249,-1.18095,-0.838614,-0.718062,-0.91104,-1.05707,-1.18106,-1.77159,-1.25556,-1.18349,-1.17981,-1.21153,-1.23959,-0.710747,-1.19465,-1.3744,-1.22359,-1.19774,-1.17699,-1.18673,-1.20984,-1.13464,-1.23393,-1.74287,-1.18522,-0.632874,-0.861358,-1.35491,-1.3052,-1.31088,-1.22541,-1.18653,-1.14968,-1.44938,-1.30237,-1.42874,-0.957179,-1.23528,-1.06369,-1.31128,-1.19845,-1.24604,-1.24625,-0.643277,-1.23756,-1.26506,-1.23871,-1.2784,-1.34551,-0.168188,-1.1729,-0.812989,-0.161691,-1.24693,-0.838295,-0.278768,-0.171954,-0.210424,-0.000802578,-0.583745,-1.77393,-1.57283,-1.23763,-1.65238,-1.30326,-1.24057,-1.26472,-1.08379,-1.24666,-1.73053,-1.24039,-1.22621,-1.4007,-1.22749,-1.21806,-1.19857,-1.01415,-0.782497,-1.25328,-1.22609,-1.03975,-0.699637,-0.574376,-1.42602,-1.23077,-1.2884,-1.31111,-1.1865,-1.16715,-1.21003,-0.679202,-0.513847,-1.14729,-1.21431,-1.19382,-1.03851,-1.21122,-0.849969,-1.27015,-1.14153,-1.23022,-1.1446,-1.18478,-1.17279,-0.807337,-0.659379,-0.941619,-1.04316,-0.643659,-1.06625,-1.16338,-0.539465,-0.00108884,-0.00639676,-0.175023,-0.663672,-0.0141556,-0.174302,-1.23035,-1.50856,-1.25748,-1.23508,-1.19983,-1.24048,-0.822843,-1.10172,-1.14729,-1.01197,-0.956605,-0.669321,-0.561326,-1.23436,-1.3867,-1.14399,-1.23339,-1.29517,-1.06069,-1.23647,-1.30433,-1.27953,-1.18067,-1.1752,-1.69804,-1.37585,-1.31956,-1.20223,-1.18893,-0.563465,-0.897473,-0.814188,-1.14972,-0.276941,-0.00225249,-0.00686454,-1.18671,-0.173468,-0.151615,-0.147115,-0.108421,-0.432842,-0.747569,-1.35332,-1.24911,-1.31085,-1.40364,-1.19011,-1.18416,-1.19708,-1.22199,-1.26401
-1.19393,-0.00121856,214.775,-0.00118913,-1.18871,-0.00238076,-0.318661,-0.852542,-0.439482,-0.55279,-1.28494,-1.43542,-1.08674,-0.866409,-1.29761,-0.596959,-1.26659,-1.22689,-1.40296,-1.27658,-1.15999,-1.14831,-1.14095,-1.21024,-1.1822,-1.48263,-1.22678,-1.35378,-1.32223,-1.32485,-1.47012,-1.21398,-1.00671,-1.0463,-0.437694,-0.394962,-1.5172,-1.33596,-1.12199,-1.34321,-1.11215,-0.860848,-1.03213,-0.795621,-1.01704,-1.13078,-1.35103,-1.29653,-1.14008,-1.15774,-1.13787,-1.46071,-1.10003,-1.11514,-1.21752,-0.799719,-1.10609,-1.19095,-1.13249,-1.06373,-1.16751,-1.05756,-1.28893,-1.09201,-0.710775,-0.838071,-1.27023,-1.30104,-1.22601,-1.34572,-1.09074,-1.07638,-1.22102,-1.27037,-1.33085,-0.854146,-1.32026,-0.802668,-1.31362,-0.795659,-1.44404,-1.37765,-1.21125,-1.48908,-1.26583,-1.38068,-1.35806,-1.29523,-0.697791,-1.09411,-0.164786,-1.00512,-1.26801,-0.802784,-1.09767,-0.404201,-0.704429,-0.00826554,-1.21866,-1.36196,-1.22713,-1.25417,-1.22571,-1.58611,-1.46125,-1.24025,-1.22871,-1.42224,-1.31714,-1.38575,-1.36459,-1.21337,-1.36415,-1.33479,-1.08108,-0.728571,-0.603111,-1.3808,-0.842152,-0.78822,-0.596807,-0.776812,-1.62929,-1.43543,-1.32124,-1.20972,-1.08645,-1.13049,-0.625293,-1.1064,-0.921232,-1.15157,-1.09413,-1.07976,-0.715397,-0.623861,-0.849196,-1.26446,-1.13041,-1.31661,-1.10682,-1.0973,-1.09455,-0.833466,-1.06608,-0.773271,-0.55864,-1.09829,-0.660499,-1.14611,-1.26253,-0.00172186,-0.00495633,-0.309096,-0.322319,-0.00291239,-0.764047,-1.5209,-1.21512,-1.27893,-1.15803,-1.09661,-1.04356,-0.87374,-0.56317,-0.997689,-1.22687,-0.51118,-0.21807,-0.980265,-1.4995,-1.23022,-1.10975,-1.3451,-1.36671,-0.732083,-1.33195,-1.5804,-1.36784,-1.12956,-1.08752,-1.2172,-1.53242,-1.22351,-1.24485,-1.07752,-0.862484,-1.11861,-0.897434,-0.606678,-0.244831,-0.00154871,-0.00861438,-1.08572,-0.163376,-0.196901,-1.89243,-0.629654,-0.848051,-0.432472,-1.2157,-1.39039,-1.36494,-1.24843,-1.08577,-1.09955,-1.08451,-1.0796,-1.26721
-1.231,-0.230981,-0.00118913,214.902,-0.525146,-0.00972463,-0.174666,-0.202702,-0.718123,-0.998475,-1.2903,-1.26839,-1.19783,-0.563812,-1.33639,-1.08162,-1.61135,-1.25348,-1.49109,-1.10023,-1.22097,-1.19285,-1.23088,-1.17376,-1.2682,-1.2379,-1.22111,-1.25466,-1.23329,-1.21505,-1.34003,-1.45961,-1.1353,-1.09599,-0.769729,-0.981116,-1.23696,-1.24096,-1.16679,-1.23379,-1.18164,-0.832654,-0.714184,-0.904158,-1.05272,-1.18116,-1.77052,-1.25593,-1.1836,-1.17945,-1.21119,-1.24145,-0.70724,-1.19498,-1.37714,-1.22733,-1.19831,-1.17591,-1.1872,-1.21214,-1.1351,-1.23613,-1.74458,-1.18588,-0.635207,-0.855134,-1.36071,-1.3094,-1.31401,-1.22642,-1.1872,-1.15093,-1.45522,-1.30596,-1.42921,-0.960809,-1.23635,-1.06906,-1.31637,-1.20311,-1.24673,-1.24669,-0.641329,-1.23885,-1.26761,-1.23884,-1.27831,-1.34579,-0.167088,-1.17371,-0.770274,-0.160791,-1.24927,-0.831982,-0.277491,-0.172112,-0.209082,-0.00258847,-0.581179,-1.77247,-1.57729,-1.23769,-1.65764,-1.30218,-1.24229,-1.26753,-1.08197,-1.24975,-1.73085,-1.24079,-1.2272,-1.40276,-1.22811,-1.21936,-1.19934,-1.00663,-0.787854,-1.25354,-1.22465,-1.04478,-0.70394,-0.575637,-1.42293,-1.23295,-1.29214,-1.31431,-1.18731,-1.16692,-1.20841,-0.676152,-0.514129,-1.14746,-1.21496,-1.19533,-1.03101,-1.20986,-0.843852,-1.27286,-1.14183,-1.23173,-1.14551,-1.18525,-1.17358,-0.801448,-0.656212,-0.934452,-1.05102,-0.640848,-1.0591,-1.16276,-0.538135,-0.00340447,-0.0117961,-0.175456,-0.650538,-0.030853,-0.174106,-1.23222,-1.51405,-1.25981,-1.23706,-1.20001,-1.24068,-0.825343,-1.10873,-1.15062,-1.01179,-0.966847,-0.685499,-0.561307,-1.23553,-1.38887,-1.14483,-1.23481,-1.29524,-1.05287,-1.2381,-1.30341,-1.27963,-1.18083,-1.17619,-1.70456,-1.37429,-1.3223,-1.20243,-1.19,-0.564112,-0.894008,-0.816347,-1.13954,-0.279057,-0.00444524,-0.0102183,-1.18754,-0.174684,-0.152249,-0.146704,-0.107929,-0.432716,-0.754789,-1.35668,-1.24946,-1.31079,-1.4052,-1.19148,-1.18518,-1.19775,-1.22339,-1.26655
-1.29052,-0.525987,-1.18871,-0.525146,228.377,-0.524409,-0.924125,-0.928872,-0.78951,-0.80106,-1.4837,-1.86632,-0.962434,-0.681052,-1.4961,-0.441078,-1.31404,-1.35797,-1.56655,-1.43546,-1.16654,-1.10419,-1.09844,-1.22552,-1.24736,-2.11341,-1.36177,-1.70514,-1.57346,-1.62076,-1.82243,-1.25908,-0.705346,-0.752033,-0.311331,-0.288816,-2.23921,-1.62412,-1.03006,-1.64967,-1.06539,-0.516648,-0.71194,-0.466782,-0.763612,-1.08921,-1.39547,-1.46843,-1.13135,-1.15653,-1.10862,-2.0416,-0.92149,-1.05701,-1.27405,-0.565287,-1.04308,-1.21794,-1.13751,-1.0181,-1.24764,-0.995815,-1.31925,-0.978085,-0.562223,-0.498317,-1.4382,-1.53367,-1.32555,-1.62124,-0.975534,-0.933337,-1.3095,-1.44828,-1.47535,-0.710127,-1.58208,-0.63231,-1.54842,-0.578798,-1.93936,-1.71219,-1.75982,-2.11955,-1.4381,-1.67819,-1.5695,-1.38305,-1.07684,-0.990545,-0.595415,-1.15052,-1.42101,-0.325314,-1.13198,-1.02997,-0.894224,-1.29372,-0.0104582,-1.41703,-1.25872,-1.37272,-1.25517,-2.26029,-2.02791,-1.34905,-1.11908,-1.86284,-1.35861,-1.74236,-1.71304,-1.21883,-1.66112,-1.60354,-0.95492,-0.423063,-0.401127,-1.7072,-0.534517,-0.535553,-0.28203,-0.49747,-2.07078,-1.94956,-1.58068,-1.26166,-0.970322,-1.03904,-0.366368,-0.882824,-0.00579536,-1.15357,-1.01462,-1.01042,-0.415087,-0.365727,-0.50709,-1.44864,-1.06641,-1.54718,-1.03088,-0.984778,-0.991184,-0.341485,-0.554248,-0.451455,-0.234124,-0.621891,-0.262916,-1.05922,-0.0415448,-0.619781,-0.599803,-0.907936,-0.434511,-0.537972,-1.14131,-2.22018,-1.26216,-1.47302,-1.1434,-0.971309,-0.795851,-0.571513,-0.23337,-0.785058,-1.27814,-0.00254613,-0.328156,-1.14238,-2.15995,-1.28794,-1.03573,-1.67486,-1.63922,-0.48358,-1.63806,-2.26005,-1.63842,-1.08816,-0.98022,-1.23793,-1.96472,-1.28352,-1.31698,-0.957385,-0.670955,-0.700559,-0.609414,-0.00424034,-0.410378,-0.615729,-0.680562,-0.969278,-0.70683,-0.853762,-1.3895,-1.09886,-1.10151,-0.790414,-1.30792,-1.7624,-1.62586,-1.32416,-1.02154,-1.04542,-0.960015,-1.01899,-1.44218
-1.30822,-0.00371717,-0.00238076,-0.00972463,-0.524409,219.474,-0.201504,-0.175065,-0.983027,-0.755719,-1.44472,-1.2891,-1.20349,-0.621173,-1.65605,-1.2872,-1.63396,-1.35275,-1.43893,-1.19713,-1.28929,-1.27444,-1.30477,-1.21072,-1.33156,-1.33772,-1.27386,-1.38093,-1.26247,-1.26197,-1.32016,-1.61651,-1.02269,-0.985046,-0.488942,-0.578005,-1.31771,-1.31427,-1.16306,-1.30647,-1.19936,-0.670197,-0.616472,-0.707699,-0.912237,-1.17868,-1.64906,-1.27823,-1.18234,-1.16363,-1.18827,-1.35621,-0.620732,-1.19622,-1.4664,-1.25405,-1.20682,-1.13881,-1.199,-1.28398,-1.16003,-1.29518,-1.70685,-1.19707,-0.772433,-0.681441,-1.64747,-1.51647,-1.44086,-1.28706,-1.19866,-1.19155,-1.68954,-1.47023,-1.43283,-1.11947,-1.2955,-1.26583,-1.58258,-1.28112,-1.30258,-1.28393,-0.604401,-1.32835,-1.3838,-1.26393,-1.28685,-1.35005,-0.143592,-1.19433,-0.270211,-0.141844,-1.35857,-0.657773,-0.251016,-0.188342,-0.177006,-0.00179359,-0.524225,-1.64124,-1.68988,-1.24386,-1.77687,-1.2931,-1.34964,-1.39192,-1.03366,-1.42582,-1.65642,-1.27758,-1.28948,-1.45306,-1.27387,-1.29319,-1.21063,-0.769006,-1.05363,-1.28284,-1.09301,-1.22477,-0.93403,-0.661811,-1.33668,-1.36242,-1.48015,-1.44062,-1.20383,-1.15393,-0.983726,-0.603395,-0.557338,-1.1565,-1.22132,-1.23853,-0.785494,-0.989132,-0.67582,-1.39599,-1.15371,-1.31117,-1.17812,-1.19086,-1.19381,-0.642275,-0.579813,-0.724765,-1.19121,-0.575081,-0.798615,-1.13765,-0.519879,-0.0021919,-0.00177444,-0.204089,-0.375401,-0.000822501,-0.175645,-1.35544,-1.70051,-1.3687,-1.3099,-1.19132,-1.2132,-0.959353,-1.15568,-1.27256,-1.03036,-1.32598,-1.10334,-0.591089,-1.32084,-1.45145,-1.17505,-1.31361,-1.30933,-0.799704,-1.32483,-1.29963,-1.29689,-1.18004,-1.20209,-1.86225,-1.33603,-1.42664,-1.21801,-1.21484,-0.622555,-0.800638,-0.93492,-0.791801,-0.423919,-0.00227909,-0.00305282,-1.20471,-0.262444,-0.195536,-0.140469,-0.0946814,-0.451674,-1.02029,-1.4822,-1.2837,-1.31757,-1.4415,-1.23083,-1.21396,-1.20631,-1.25524,-1.38224
-1.26134,-0.174309,-0.318661,-0.174666,-0.924125,-0.201504,215.66,-0.00356572,-0.503892,-0.422186,-1.43305,-1.37689,-1.07824,-1.16441,-1.67597,-0.751664,-1.25306,-1.31309,-1.27932,-1.35653,-1.20748,-1.19786,-1.18589,-1.19822,-1.2314,-1.58515,-1.26165,-1.49241,-1.30382,-1.33748,-1.33526,-1.30258,-0.906309,-0.917502,-0.421516,-0.416928,-1.57425,-1.37868,-1.0935,-1.38574,-1.12069,-0.699255,-0.769877,-0.678846,-0.879484,-1.11314,-1.23846,-1.26867,-1.12672,-1.12257,-1.10543,-1.59806,-0.817231,-1.10616,-1.26704,-0.872931,-1.10673,-1.12167,-1.13826,-1.13809,-1.18176,-1.11905,-1.24027,-1.08734,-1.12161,-0.691579,-1.55458,-1.52867,-1.32449,-1.35781,-1.08664,-1.09377,-1.3816,-1.42468,-1.28072,-1.06186,-1.34506,-0.982843,-1.63783,-0.8927,-1.44385,-1.35488,-0.943857,-1.56111,-1.36648,-1.32655,-1.28589,-1.23848,-0.436299,-1.09836,-0.303234,-0.466872,-1.35352,-0.645178,-0.569594,-0.0151381,-0.00275407,-0.456542,-0.708659,-1.2432,-1.2717,-1.2207,-1.27135,-1.42719,-1.57493,-1.33906,-1.06715,-1.68422,-1.23878,-1.36091,-1.38844,-1.21766,-1.34829,-1.37148,-1.0792,-0.662525,-0.86303,-1.34424,-0.824014,-0.944756,-0.873276,-1.1585,-1.35296,-1.60229,-1.53251,-1.29614,-1.08825,-1.08938,-0.657722,-0.816197,-1.12606,-1.1405,-1.09589,-1.11936,-0.660135,-0.658137,-0.69534,-1.3781,-1.11655,-1.36111,-1.1222,-1.08582,-1.09832,-0.654603,-0.754895,-0.672781,-0.662406,-0.777392,-0.613524,-1.08599,-0.84178,-0.332352,-0.174993,-0.155643,-0.370238,-0.171819,-0.0140875,-1.69033,-1.31628,-1.37233,-1.20303,-1.07204,-0.998838,-1.10465,-0.646413,-1.08485,-1.17201,-0.597566,-0.312254,-1.10634,-1.56272,-1.25343,-1.12187,-1.4031,-1.31634,-0.679703,-1.40299,-1.4365,-1.31616,-1.11407,-1.09845,-1.27768,-1.3606,-1.28547,-1.20867,-1.08912,-1.16535,-0.877611,-1.11679,-0.522122,-0.530365,-0.177028,-0.186785,-1.08831,-0.676039,-1.29413,-0.635753,-0.395831,-1.03062,-0.512301,-1.30983,-1.3652,-1.30824,-1.24939,-1.12095,-1.12206,-1.07927,-1.11273,-1.36758
-1.14733,-0.203865,-0.852542,-0.202702,-0.928872,-0.175065,-0.00356572,216.499,-0.406452,-0.533733,-1.18652,-1.33379,-1.07364,-0.796257,-1.17584,-0.688707,-1.23742,-1.16294,-1.35327,-1.12542,-1.11334,-1.08202,-1.09129,-1.13659,-1.14828,-1.32245,-1.17699,-1.23919,-1.24979,-1.24442,-1.37691,-1.15597,-1.0513,-1.0875,-0.622578,-0.546007,-1.35169,-1.23714,-1.10146,-1.24104,-1.09835,-1.04707,-1.17789,-0.975711,-1.11132,-1.1193,-1.34066,-1.23227,-1.13113,-1.14991,-1.14038,-1.30631,-1.23533,-1.10704,-1.16731,-0.8611,-1.09796,-1.18727,-1.12358,-1.05702,-1.1398,-1.05743,-1.27128,-1.07511,-0.717114,-1.0233,-1.16734,-1.19366,-1.1577,-1.23631,-1.0742,-1.04109,-1.15668,-1.1791,-1.27887,-0.865264,-1.23391,-0.837672,-1.19065,-0.852348,-1.31485,-1.28,-1.20256,-1.32642,-1.18105,-1.27621,-1.27251,-1.23509,-3.58972,-1.07287,-0.411561,-3.12126,-1.17239,-0.960606,-1.25847,-0.000874107,-0.0115886,-0.460921,-1.12714,-1.35588,-1.18526,-1.21285,-1.19234,-1.45231,-1.30505,-1.15256,-1.17372,-1.25754,-1.30151,-1.28481,-1.25805,-1.16622,-1.25471,-1.22306,-1.06775,-0.89227,-0.651938,-1.28649,-0.917652,-0.811443,-0.617793,-0.734024,-1.54242,-1.27915,-1.20349,-1.13756,-1.06942,-1.11136,-0.746049,-1.19824,-0.745962,-1.12793,-1.09058,-1.06762,-0.87479,-0.743809,-1.03508,-1.18345,-1.10008,-1.21111,-1.07596,-1.08087,-1.07332,-0.992731,-1.1419,-0.948951,-0.624324,-1.14422,-0.78563,-1.12782,-1.01102,-0.177874,-0.299358,-0.0019743,-0.557934,-0.220279,-0.00981309,-1.32961,-1.15989,-1.19068,-1.10713,-1.08591,-1.02992,-0.826358,-0.635778,-0.954816,-1.12517,-0.522043,-0.293319,-0.879834,-1.33388,-1.18384,-1.07882,-1.24484,-1.29294,-0.904917,-1.23391,-1.44798,-1.28589,-1.11774,-1.06652,-1.18361,-1.44183,-1.15311,-1.18371,-1.06044,-0.793495,-1.13959,-0.843702,-0.677105,-0.293467,-0.321888,-0.43097,-1.06868,-0.322418,-0.364095,-1.11528,-2.80888,-0.728337,-0.42824,-1.16245,-1.2951,-1.29875,-1.2097,-1.07286,-1.08572,-1.07107,-1.07757,-1.18194
-1.14371,-0.711667,-0.439482,-0.718123,-0.78951,-0.983027,-0.503892,-0.406452,211.74,-0.225574,-1.21114,-1.14033,-1.09091,-0.876419,-1.32369,-1.08712,-1.24187,-1.16497,-1.18206,-1.11598,-1.13382,-1.13047,-1.13828,-1.10424,-1.14758,-1.17901,-1.12986,-1.19099,-1.12691,-1.13027,-1.14655,-1.24951,-1.00953,-0.995134,-0.781463,-0.834999,-1.1687,-1.1547,-1.07711,-1.15241,-1.09232,-0.84991,-0.823926,-0.868572,-0.961254,-1.08301,-1.24305,-1.12992,-1.08464,-1.07662,-1.0836,-1.18815,-0.824769,-1.08898,-1.19651,-1.08886,-1.09322,-1.06547,-1.09178,-1.125,-1.08187,-1.1259,-1.26041,-1.08975,-0.972882,-0.855543,-1.30119,-1.24833,-1.19718,-1.14307,-1.09027,-1.09145,-1.28461,-1.21932,-1.18202,-1.0794,-1.14427,-1.11671,-1.28839,-1.10068,-1.15292,-1.13891,-0.824137,-1.17315,-1.18167,-1.1294,-1.13368,-1.15191,-0.466801,-1.09032,-0.650434,-0.465604,-1.17237,-0.846306,-0.614094,-0.467134,-0.408017,-0.454753,-0.771796,-1.24099,-1.26351,-1.11306,-1.28669,-1.14248,-1.18374,-1.18364,-1.02351,-1.22785,-1.2453,-1.13686,-1.14538,-1.18587,-1.13626,-1.14754,-1.09381,-0.897676,-1.07008,-1.13714,-1.03031,-1.10319,-1.04242,-0.9101,-1.15015,-1.19283,-1.23514,-1.19523,-1.09254,-1.07287,-0.983566,-0.819393,-0.83263,-1.07773,-1.09725,-1.10756,-0.905149,-0.985464,-0.852733,-1.18686,-1.0765,-1.15369,-1.08738,-1.08708,-1.0901,-0.838251,-0.808145,-0.876884,-1.05872,-0.806887,-0.91359,-1.06585,-0.779555,-0.834812,-0.526768,-0.510674,-0.730846,-0.646234,-0.427635,-1.19528,-1.27614,-1.17642,-1.14102,-1.08528,-1.08723,-1.0315,-1.04364,-1.12555,-1.03411,-1.09467,-0.999899,-0.846813,-1.17002,-1.18884,-1.08606,-1.15631,-1.14314,-0.90892,-1.16106,-1.14587,-1.13935,-1.08368,-1.09342,-1.31135,-1.15252,-1.1879,-1.10507,-1.09698,-0.87766,-0.916001,-1.01933,-0.905153,-0.930731,-0.512779,-0.477281,-1.0929,-0.816053,-0.662891,-0.473118,-0.455538,-0.084075,-1.36879,-1.20747,-1.13884,-1.14476,-1.18337,-1.1048,-1.09832,-1.09215,-1.11096,-1.18118
-1.08959,-1.00362,-0.55279,-0.998475,-0.80106,-0.755719,-0.422186,-0.533733,-0.225574,210.087,-1.1021,-1.11377,-1.07704,-0.82186,-1.11373,-1.02286,-1.20153,-1.09471,-1.18367,-1.0256,-1.08165,-1.06452,-1.0802,-1.06496,-1.10232,-1.09588,-1.08997,-1.09714,-1.09831,-1.09139,-1.13911,-1.14832,-1.0731,-1.06495,-1.03972,-1.05956,-1.09839,-1.09434,-1.07044,-1.09227,-1.0758,-1.0215,-0.962567,-1.04546,-1.06795,-1.07882,-1.25631,-1.10342,-1.08151,-1.08291,-1.09276,-1.09606,-0.957495,-1.08184,-1.13022,-1.07456,-1.08159,-1.08715,-1.08148,-1.08037,-1.0648,-1.08829,-1.23879,-1.0731,-0.853832,-1.02981,-1.1209,-1.10849,-1.10944,-1.08726,-1.07343,-1.05444,-1.14886,-1.10693,-1.15809,-0.987329,-1.0948,-1.0222,-1.10878,-1.06574,-1.10092,-1.10131,-0.905387,-1.09562,-1.09706,-1.0964,-1.10998,-1.12784,-0.676176,-1.06849,-1.1366,-0.652229,-1.08786,-1.01561,-0.746988,-0.424636,-0.550977,-0.517224,-0.862919,-1.26037,-1.18377,-1.10043,-1.20548,-1.13207,-1.09523,-1.09166,-1.04662,-1.09039,-1.24051,-1.09962,-1.09169,-1.13571,-1.08999,-1.08326,-1.07662,-1.06861,-0.919522,-1.10454,-1.08905,-1.00965,-0.878445,-0.822839,-1.18205,-1.0892,-1.10249,-1.10494,-1.07272,-1.07205,-1.07879,-0.936378,-0.776284,-1.0678,-1.08621,-1.07597,-1.07247,-1.07824,-1.02574,-1.1,-1.06111,-1.08624,-1.05893,-1.0738,-1.06852,-1.00431,-0.92445,-1.05353,-1.00285,-0.912684,-1.06343,-1.07314,-0.817859,-0.554141,-0.96582,-0.422296,-1.05193,-1.04482,-0.442185,-1.0906,-1.16358,-1.09555,-1.084,-1.07981,-1.08157,-0.924904,-1.02088,-1.04007,-1.01076,-0.948861,-0.905072,-0.828483,-1.09516,-1.13601,-1.05909,-1.09384,-1.12068,-1.08361,-1.09379,-1.13261,-1.11371,-1.07846,-1.06839,-1.21529,-1.1575,-1.10933,-1.08233,-1.07226,-0.821774,-1.00178,-0.922812,-1.06134,-0.678809,-0.933331,-0.823727,-1.07268,-0.59049,-0.552967,-0.591416,-0.635387,-0.218981,-0.366807,-1.12471,-1.10478,-1.12712,-1.14542,-1.07543,-1.07515,-1.0766,-1.08712,-1.09678
-1.79213,-1.28702,-1.28494,-1.2903,-1.4837,-1.44472,-1.43305,-1.18652,-1.21114,-1.1021,257.284,-0.210731,-1.43338,-2.10811,-0.911562,-1.72089,-0.267005,-1.67077,-0.224836,-2.19675,-1.65274,-2.36231,-1.67092,-1.49286,-1.3678,-0.452561,-1.39352,-0.688236,-0.714602,-0.854383,-0.162117,-0.285486,-1.17276,-1.14209,-1.21976,-1.26662,-0.409266,-0.564923,-1.4047,-0.547025,-1.58241,-1.18869,-1.23627,-1.19135,-1.13973,-1.38597,-0.430455,-0.682456,-1.40574,-1.27987,-1.22314,-0.580312,-1.24895,-1.39947,-0.441967,-1.5344,-1.4533,-1.12343,-1.54867,-2.0055,-1.77332,-1.71083,-0.394227,-1.5085,-2.88674,-1.18753,-0.908761,-1.14855,-0.858072,-0.648559,-1.50674,-2.03946,-0.545851,-0.78858,-0.0716937,-5.32281,-0.705598,-2.37935,-0.959477,-1.64896,-0.0273055,-0.358486,-1.39583,-0.390366,-1.2433,-0.459659,-0.424939,-0.416595,-1.2228,-1.63194,-1.22763,-1.23673,-1.57768,-1.19226,-1.30173,-1.38808,-1.17928,-1.35838,-1.26521,-0.437106,-0.28327,-0.905851,-0.414351,-0.281266,-0.471668,-1.95831,-1.10284,-0.884571,-0.38797,-0.390381,-0.493055,-0.482865,-0.543288,-0.739535,-1.46979,-1.21614,-2.52444,-0.340012,-1.26532,-2.45628,-2.71447,-2.41075,-0.390104,-0.715192,-1.13465,-1.05911,-1.5511,-1.3222,-1.35537,-1.289,-1.75648,-1.52718,-1.39838,-1.78387,-1.22557,-1.3597,-1.18805,-1.69749,-1.59201,-0.849593,-1.87977,-1.4608,-1.62894,-1.19151,-1.27407,-1.1966,-1.68902,-1.30085,-1.25629,-1.22292,-1.3989,-1.61609,-1.19343,-1.43948,-1.2173,-1.25253,-1.30654,-0.697258,-0.364503,-1.123,-1.56242,-1.32459,-1.28843,-5.09024,-1.591,-2.95129,-1.59039,-1.69622,-1.47969,-1.83443,-0.376697,-0.372346,-1.84308,-0.618058,-0.346756,-1.21117,-0.716026,-0.266681,-0.322684,-1.40119,-1.67847,-0.463771,-0.242079,-0.872068,-1.01066,-1.61367,-2.1195,-1.18064,-4.95963,-1.22042,-1.84822,-1.18838,-1.18139,-1.55499,-1.61787,-1.59566,-1.30426,-1.23975,-1.19218,-1.20824,-0.725534,-0.389602,-0.372132,-0.360414,-1.76782,-1.68728,-1.45422,-1.5785,-1.23704
-1.14777,-1.26843,-1.43542,-1.26839,-1.86632,-1.2891,-1.37689,-1.33379,-1.14033,-1.11377,-0.210731,293.643,-1.80014,-2.03293,-0.525902,-1.35726,-0.353524,-0.622159,-0.595779,-1.84596,-1.28257,-1.57546,-1.23631,-3.20282,-1.02919,-0.595951,-1.58415,-0.208231,-2.25691,-1.8634,-1.12181,-0.301375,-1.6485,-1.72609,-1.37085,-1.3494,-0.706308,-0.538808,-2.33765,-0.549868,-2.0772,-1.55494,-1.73326,-1.49967,-1.61523,-2.18831,-0.605722,-1.49692,-2.25554,-2.31779,-1.83948,-0.551148,-1.76285,-1.93989,-0.237791,-1.316,-1.86233,-2.20984,-2.21811,-1.40954,-3.98246,-1.32621,-0.500147,-1.93753,-1.78074,-1.53423,-0.445367,-0.356474,-0.242448,-1.43089,-1.91656,-2.23268,-0.307888,-0.161603,-0.242766,-1.79278,-0.884544,-1.37943,-0.489337,-1.31446,-0.661382,-1.39366,-1.99963,-0.701291,-0.269694,-7.44218,-1.90752,-0.806805,-1.39197,-2.0665,-1.26039,-1.40245,-0.654943,-1.5375,-1.56993,-1.38755,-1.3281,-1.46145,-1.725,-0.606841,-0.341462,-1.8287,-0.404756,-1.46655,-0.591125,-0.549545,-2.66599,-0.598669,-0.530724,-1.87036,-0.74934,-0.511322,-2.21854,-1.07731,-1.75618,-1.45039,-1.51747,-1.90198,-1.3801,-1.44455,-1.57831,-1.92837,-1.00373,-0.587862,-0.391705,-0.498455,-1.88724,-2.32659,-1.37857,-1.84989,-1.82558,-3.10258,-1.66533,-1.67017,-1.4422,-1.37779,-1.54454,-0.208108,-2.95797,-0.980315,-2.50854,-1.97294,-2.07304,-1.56129,-1.81316,-1.48259,-1.3987,-1.86475,-1.4354,-2.32634,-1.8413,-1.35591,-1.28972,-1.37466,-1.3347,-1.26976,-1.38574,-0.735449,-0.333353,-0.324308,-1.16617,-1.81014,-1.57256,-1.98088,-1.38859,-1.46745,-6.83908,-1.34964,-1.31674,-2.11174,-0.716723,-0.242668,-2.56789,-0.332161,-0.605747,-1.42096,-0.312014,-1.5054,-1.06914,-2.19073,-1.98102,-0.434375,-0.981558,-0.550382,-2.73452,-1.79759,-2.02922,-1.91117,-2.15603,-1.36193,-1.43332,-1.29578,-1.31923,-1.87844,-1.3546,-1.40127,-1.43674,-1.40862,-1.20039,-1.13894,-0.177042,-1.35497,-0.560879,-0.190175,-1.74484,-1.92256,-1.78804,-1.52354,-0.27176
-1.44179,-1.19723,-1.08674,-1.19783,-0.962434,-1.20349,-1.07824,-1.07364,-1.09091,-1.07704,-1.43338,-1.80014,320.377,-0.946665,-1.20396,-1.19142,-3.64598,-1.43171,-4.92202,-0.991081,-1.15265,-1.08635,-1.19222,-1.21868,-2.13595,-1.38299,-1.58916,-1.39703,-1.62074,-1.40658,-2.38296,-2.0046,-0.846375,-0.761476,-1.15388,-1.18844,-1.40822,-1.51142,-0.086094,-1.44824,-1.94114,-1.03777,-0.991494,-1.0693,-0.903892,-1.52923,-2.97767,-2.06515,-2.10795,-1.40835,-2.18539,-1.37452,-0.985443,-2.93372,-2.57828,-1.06375,-4.8114,-1.1201,-3.14174,-1.28708,-1.20419,-1.44868,-2.98889,-0.286337,-0.991299,-1.04701,-1.29455,-1.34895,-1.63303,-1.45993,-0.341986,-1.0873,-1.61714,-1.45035,-16.6307,-1.02499,-1.54528,-0.962161,-1.24786,-1.05179,-1.55556,-1.65238,-0.966468,-1.41379,-1.46393,-1.6056,-2.16674,-5.80167,-1.09068,-0.212425,-1.17507,-1.08549,-1.405,-1.05316,-1.06252,-1.07325,-1.07771,-1.08706,-0.985805,-2.94612,-2.50665,-1.93298,-2.33074,-1.81441,-1.39667,-1.41208,-0.666014,-1.26772,-3.20619,-1.60543,-1.44273,-4.12079,-1.50147,-1.36016,-0.932943,-1.11795,-1.10622,-1.7302,-1.03653,-0.936033,-1.0681,-0.959137,-2.09262,-1.31219,-1.36074,-1.62615,-0.275504,-0.0761817,-1.20626,-0.983345,-0.954105,-0.849995,-11.4235,-1.18257,-1.12988,-1.20731,-1.04251,-1.46366,-0.0820696,-1.44227,-0.0543746,-0.237882,-0.170037,-1.0383,-0.984283,-1.08344,-1.21293,-0.980197,-1.15897,-0.042036,-0.969868,-1.15163,-1.15408,-1.07923,-1.16066,-1.18786,-1.0675,-1.31045,-1.93492,-1.46156,-1.29795,-0.27222,-1.82585,-0.826572,-1.22015,-0.766374,-0.575904,-1.16497,-1.21437,-0.942467,-1.39904,-3.73888,-0.148834,-1.44224,-2.39691,-1.1246,-1.43626,-1.83408,-2.11636,-1.58158,-0.202714,-2.0624,-2.38605,-1.97383,-1.27433,-0.170502,-0.947038,-0.812204,-0.840299,-1.1548,-1.13025,-1.14816,-1.12965,-0.254393,-1.12993,-1.10472,-1.07719,-1.08934,-1.05454,-1.094,-1.89679,-1.67416,-2.7119,-6.90628,-1.30398,-1.66715,-1.4273,-2.35439,-1.46458
-1.4808,-0.563189,-0.866409,-0.563812,-0.681052,-0.621173,-1.16441,-0.796257,-0.876419,-0.82186,-2.10811,-2.03293,-0.946665,251.815,-2.39983,-0.251739,-1.43267,-1.66925,-1.58109,-2.42059,-1.32864,-1.35968,-1.27756,-1.40942,-1.36973,-3.3748,-1.51074,-2.51296,-1.71417,-1.85857,-1.83799,-1.55106,-0.527568,-0.543256,-0.263206,-0.258753,-3.33805,-2.05625,-0.995488,-2.10179,-1.04276,-0.146425,-0.173351,-0.139365,-0.440498,-1.02877,-1.41262,-1.5816,-1.0609,-1.05286,-1.00388,-3.37601,-0.273861,-1.00614,-1.48915,-0.415878,-1.00462,-1.05241,-1.08924,-1.04994,-1.23438,-1.00266,-1.3988,-0.970653,-0.39438,-0.143902,-2.16042,-2.33436,-1.67749,-2.03779,-0.968449,-1.01086,-1.69475,-2.02359,-1.57799,-0.663633,-1.89441,-0.538204,-2.52096,-0.438874,-2.43938,-1.96414,-0.378895,-3.24796,-1.89601,-1.89105,-1.69398,-1.48998,-0.74427,-0.999129,-0.555545,-0.778066,-1.9142,-0.00457959,-0.583733,-1.15818,-0.775331,-1.01249,-0.377376,-1.41751,-1.46187,-1.38459,-1.43797,-2.23058,-3.26274,-1.80715,-0.996415,-3.57595,-1.40774,-2.00078,-2.13998,-1.38094,-1.99935,-2.10108,-0.946968,-0.134096,-0.193315,-1.9107,-0.356612,-0.449014,-0.008306,-0.0215349,-1.81477,-3.39329,-2.46911,-1.61044,-0.970737,-0.986314,-0.130473,-0.194452,-1.85374,-1.11191,-0.973551,-1.02355,-0.133045,-0.130583,-0.144961,-1.90921,-1.06148,-2.02389,-1.06826,-0.968686,-0.999166,-0.00653838,-0.00580166,-0.137241,-0.00325173,-0.00269991,-0.00161831,-0.979459,-0.533859,-0.82667,-0.570843,-1.1607,-0.366078,-0.55856,-1.04951,-4.3911,-1.55501,-1.9433,-1.32771,-0.934857,-0.816368,-0.755008,-0.00768169,-0.967401,-1.39769,-0.268846,-0.421292,-0.0426624,-3.28306,-1.4604,-1.06882,-2.15774,-1.74697,-0.198987,-2.13874,-2.26767,-1.77278,-1.03096,-0.996514,-1.43293,-1.88386,-1.5956,-1.39871,-0.969035,-0.388984,-0.405428,-0.837222,-0.234105,-0.65387,-0.576705,-0.603702,-0.970596,-0.87995,-1.06899,-0.924919,-0.766469,-1.0663,-0.86249,-1.58608,-1.98883,-1.6996,-1.44486,-1.03089,-1.04081,-0.948354,-1.0021,-1.90311
-1.1745,-1.3304,-1.29761,-1.33639,-1.4961,-1.65605,-1.67597,-1.17584,-1.32369,-1.11373,-0.911562,-0.525902,-1.20396,-2.39983,254.074,-1.91177,-0.286139,-1.08216,-0.273128,-1.56142,-1.20747,-1.39035,-1.24311,-1.15115,-1.07708,-0.411561,-1.06118,-0.754505,-0.794942,-0.852065,-0.3827,-0.610266,-1.09387,-1.06744,-1.18462,-1.25097,-0.372659,-0.788223,-1.17212,-0.784942,-1.23774,-1.11928,-1.15887,-1.12593,-1.06423,-1.15154,-0.087735,-0.791712,-1.15009,-1.09107,-1.06926,-0.447485,-1.16907,-1.16464,-0.763151,-1.50766,-1.1924,-1.0078,-1.20574,-1.45121,-1.27412,-1.35601,-0.133233,-1.23107,-6.73262,-1.11952,-0.758041,-0.86296,-0.950544,-0.80265,-1.23133,-1.43387,-0.538119,-0.919131,-0.442698,-4.08095,-0.81956,-2.57326,-0.734146,-1.6398,-0.53503,-0.663533,-1.31584,-0.422866,-0.966552,-0.683669,-0.650116,-0.647037,-1.20116,-1.27689,-1.22988,-1.22248,-1.02506,-1.12855,-1.27849,-1.55573,-1.16412,-1.42285,-1.21525,-0.05168,-0.364169,-0.8828,-0.267319,-0.28776,-0.452831,-1.08391,-1.02513,-0.474194,-0.140902,-0.666037,-0.747684,-0.724179,-0.746542,-0.855798,-1.22433,-1.15682,-4.37977,-0.642833,-1.21176,-2.5682,-6.98699,-3.25034,-0.177634,-0.585847,-0.819612,-1.01335,-1.25237,-1.13358,-1.33374,-1.20733,-1.98557,-1.20143,-1.17791,-1.34121,-1.16781,-1.33947,-1.1193,-0.979961,-1.24324,-0.883232,-1.35051,-1.20804,-1.27534,-1.12649,-1.1999,-1.13281,-1.83688,-1.22586,-1.20821,-1.08407,-1.37781,-2.17226,-1.17218,-1.6949,-1.18908,-1.27006,-1.37958,-0.297851,-0.456374,-0.940089,-1.18855,-1.14933,-1.16335,-5.90635,-1.67752,-1.98973,-1.31005,-2.03679,-1.66443,-1.89784,-0.412619,-0.698902,-1.33749,-0.789466,-0.599361,-1.15294,-0.824161,-0.26751,-0.61834,-1.15839,-1.29946,-0.166166,-0.248745,-0.922317,-0.957932,-1.2853,-2.42458,-1.10452,-4.63134,-1.19209,-2.91911,-1.16359,-1.14991,-1.2547,-2.19818,-2.07367,-1.33046,-1.22549,-1.25715,-1.31348,-0.863773,-0.640285,-0.582489,-0.632136,-1.32774,-1.28514,-1.21475,-1.26477,-0.965752
-1.39062,-1.07309,-0.596959,-1.08162,-0.441078,-1.2872,-0.751664,-0.688707,-1.08712,-1.02286,-1.72089,-1.35726,-1.19142,-0.251739,-1.91177,248.791,-2.69096,-1.51184,-1.81751,-1.2498,-1.39812,-1.42962,-1.49513,-1.25854,-1.47651,-1.41476,-1.30052,-1.5155,-1.28684,-1.26758,-1.47287,-2.58234,-0.71606,-0.653754,-0.521132,-0.63376,-1.38067,-1.41591,-1.07847,-1.3931,-1.12352,-0.117986,-0.104668,-0.12827,-0.405697,-1.07059,-2.50417,-1.35272,-1.06071,-1.01513,-1.07214,-1.44107,-0.0344702,-1.11691,-1.97575,-1.21843,-1.14587,-0.951406,-1.09511,-1.33321,-0.993104,-1.38369,-2.95232,-1.17187,-0.140381,-0.122558,-2.06029,-1.8047,-1.80395,-1.38518,-1.17629,-1.21353,-2.61975,-1.79077,-1.82194,-0.649569,-1.36877,-1.02699,-1.83707,-1.38791,-1.38484,-1.35392,-0.0332487,-1.41447,-1.595,-1.34145,-1.41301,-1.6141,-0.565002,-1.16162,-0.864917,-0.55893,-1.56283,-0.280744,-0.397889,-0.719868,-0.695039,-0.603535,-0.44448,-2.43716,-3.07507,-1.24325,-3.64829,-1.37756,-1.44664,-1.66306,-0.888618,-1.55272,-2.63183,-1.33727,-1.35325,-2.01332,-1.35779,-1.39168,-1.21226,-0.146588,-0.273617,-1.35507,-0.703997,-1.08572,-0.489423,-0.273226,-1.4844,-1.45533,-1.73292,-1.86483,-1.19104,-1.05512,-0.253401,-0.101731,-0.469065,-1.01317,-1.18828,-1.23265,-0.152945,-0.257527,-0.119497,-1.60697,-1.05168,-1.44124,-1.11111,-1.15415,-1.16023,-0.270751,-0.234663,-0.133327,-4.34567,-0.23216,-0.389502,-1.01456,-0.43819,-0.941486,-0.782761,-0.757622,-0.587182,-0.978544,-0.687138,-1.43531,-2.96819,-1.55206,-1.49016,-1.15578,-1.37099,-0.604701,-1.73736,-1.52641,-0.873103,-3.72968,-1.47222,-0.237412,-1.3984,-1.93213,-1.10329,-1.39102,-1.42024,-0.049708,-1.41669,-1.38523,-1.40021,-1.07393,-1.18345,-4.35593,-1.4864,-1.83841,-1.23012,-1.22312,-0.252381,-0.446098,-0.578095,-0.788011,-0.817199,-0.758257,-0.694354,-1.19348,-0.818792,-0.692445,-0.552981,-0.570262,-0.822944,-1.08517,-1.95117,-1.33886,-1.4382,-1.87539,-1.20979,-1.16242,-1.19943,-1.2662,-1.59013
-1.40307,-1.60895,-1.26659,-1.61135,-1.31404,-1.63396,-1.25306,-1.23742,-1.24187,-1.20153,-0.267005,-0.353524,-3.64598,-1.43267,-0.286139,-2.69096,326.959,-0.927518,-0.189322,-0.976461,-1.74101,-1.71972,-1.97341,-1.51174,-1.79732,-0.027949,-1.31753,-0.216733,-0.815999,-0.755309,-0.265158,-0.471201,-2.46008,-2.08678,-1.74286,-1.88668,-0.0206114,-0.505719,-2.57412,-0.489312,-2.85437,-1.68201,-1.51241,-1.80123,-1.89309,-2.56745,-0.811562,-0.968024,-2.49075,-2.22013,-2.64702,-0.102908,-1.4702,-2.95628,-1.08961,-4.58256,-3.18937,-1.86721,-2.66404,-3.51175,-1.90002,-4.70045,-0.971522,-3.33285,-1.62409,-1.71734,-0.182647,-0.0537943,-0.679718,-0.594267,-3.3812,-3.05392,-0.0764388,-0.253155,-0.517954,-2.46222,-0.656415,-2.81763,-0.202461,-4.30968,-0.233294,-0.50466,-1.40232,-0.0886115,-0.558122,-0.602059,-0.704204,-1.04277,-1.28407,-3.09135,-1.54839,-1.27272,-0.652201,-1.7283,-1.33021,-1.23549,-1.24591,-1.26484,-1.36025,-0.736186,-0.36922,-1.34297,-0.722612,-0.188394,-0.0877202,-0.696786,-1.50125,-0.203372,-0.906604,-0.518399,-0.500155,-2.0926,-0.591118,-0.578329,-3.84909,-2.00078,-2.15416,-0.513605,-3.36658,-3.0348,-1.95316,-1.49028,-0.34013,-0.228275,-0.131293,-0.865205,-3.47771,-2.43531,-2.60788,-1.47111,-1.32877,-2.10239,-3.74492,-3.48079,-2.0552,-2.62017,-1.69977,-0.536874,-2.28661,-0.612241,-2.50696,-3.20342,-3.08281,-1.67711,-1.47673,-1.85655,-2.81673,-1.45978,-2.18256,-2.1872,-1.32273,-1.47113,-1.46468,-1.25638,-1.6599,-1.57556,-1.21857,-0.167159,-0.196351,-0.542658,-1.77374,-3.33278,-5.61478,-1.74369,-2.84719,-2.73555,-1.35299,-2.25706,-1.87681,-1.39799,-0.0830404,-1.28006,-2.47925,-0.467082,-0.579852,-2.01503,-0.473302,-0.00417875,-0.56955,-2.58511,-3.22815,-0.496396,-0.0177357,-0.95528,-1.31981,-3.71382,-1.43451,-1.55345,-1.72246,-1.99209,-1.56841,-1.44589,-1.3893,-3.49711,-1.42714,-1.34674,-1.25332,-1.28056,-1.13591,-1.25051,-0.794034,-0.481833,-0.611925,-1.36835,-3.33518,-3.06662,-3.71451,-4.34039,-0.56029
-2.1648,-1.25117,-1.22689,-1.25348,-1.35797,-1.35275,-1.31309,-1.16294,-1.16497,-1.09471,-1.67077,-0.622159,-1.43171,-1.66925,-1.08216,-1.51184,-0.927518,281.218,-0.906749,-1.90765,-2.03114,-7.10816,-2.31039,-1.95321,-0.998186,-1.11748,-1.00198,-1.26942,-0.0988975,-0.187153,-0.819479,-1.21177,-1.10983,-1.07247,-1.19601,-1.23623,-1.04571,-0.894121,-1.39563,-0.81015,-1.57822,-1.13717,-1.16783,-1.14334,-1.05175,-1.28087,-0.942976,-0.44607,-1.28614,-1.11026,-1.05885,-1.17025,-1.16792,-1.30197,-0.798014,-1.37271,-1.37737,-0.930418,-1.51598,-1.99955,-1.79166,-1.57242,-0.943591,-1.55508,-1.93743,-1.13751,-1.15343,-1.28422,-1.58141,-1.15009,-1.5507,-2.74842,-1.17316,-1.55612,-0.879371,-3.0268,-0.443867,-1.82413,-1.14568,-1.44601,-0.940831,-0.574382,-1.26935,-1.14843,-2.31177,-0.801767,-0.781841,-0.809923,-1.1785,-1.76943,-1.19721,-1.18642,-3.10776,-1.15782,-1.23243,-1.28723,-1.15912,-1.27276,-1.22142,-0.924006,-1.04755,-0.458661,-1.0326,-0.880384,-1.20952,-3.37236,-1.09526,-1.22793,-0.936134,-0.655871,-0.797599,-0.963539,-0.963657,-1.25296,-1.48384,-1.16943,-1.89594,-0.53798,-1.18409,-1.94577,-1.95642,-1.78961,-0.884237,-1.21801,-1.40016,-2.13954,-1.61841,-1.27298,-1.28696,-1.20692,-1.49833,-1.46205,-1.2862,-1.85828,-1.17826,-1.29031,-1.13728,-1.73728,-1.68282,-1.58882,-2.26647,-1.48226,-1.76322,-1.15507,-1.21131,-1.14936,-1.53902,-1.23073,-1.22303,-1.13343,-1.30831,-1.43155,-1.17854,-1.3168,-1.19043,-1.22593,-1.23825,-1.17184,-1.16694,-1.99184,-2.08899,-1.27729,-1.37392,-2.54693,-1.47568,-2.88667,-1.52263,-1.53641,-1.3874,-1.54361,-1.1033,-0.678839,-2.18795,-0.740058,-0.469966,-1.15769,-0.837638,-0.868618,-0.522086,-1.30313,-1.8467,-1.01904,-0.840536,-2.48522,-0.894906,-1.70986,-1.67412,-1.12384,-2.60359,-1.21575,-1.55672,-1.17394,-1.16577,-1.62543,-1.41351,-1.39484,-1.22744,-1.19255,-1.1437,-1.162,-0.914857,-0.484331,-0.457792,-0.506128,-1.85585,-1.74714,-1.4625,-1.49073,-2.33133
-1.4296,-1.49216,-1.40296,-1.49109,-1.56655,-1.43893,-1.27932,-1.35327,-1.18206,-1.18367,-0.224836,-0.595779,-4.92202,-1.58109,-0.273128,-1.81751,-0.189322,-0.906749,406.276,-1.02234,-1.66009,-1.57154,-1.63831,-2.06728,-1.69613,-0.10435,-1.66331,-0.273212,-1.29137,-1.07156,-0.41348,-0.200593,-4.40326,-4.00985,-1.8105,-1.80935,-0.10659,-0.596758,-6.3307,-0.58195,-4.13396,-2.16036,-2.03857,-2.20767,-2.97549,-6.11445,-0.71564,-1.60793,-5.86765,-7.69298,-12.703,-0.179591,-1.98683,-5.66204,-0.706903,-2.20312,-4.81224,-7.33429,-4.6082,-2.24488,-3.0455,-2.40663,-0.396543,-4.62174,-1.55657,-2.1756,-0.185368,-0.13081,-0.545019,-0.690558,-4.58445,-3.13722,-0.146042,-0.22415,-0.93987,-1.88907,-0.845856,-1.76068,-0.209994,-2.07553,-0.282036,-0.722481,-1.85336,-0.039463,-0.528229,-0.852659,-1.19312,-1.95316,-1.43613,-3.98932,-1.50316,-1.42375,-0.592373,-2.1536,-1.55975,-1.28814,-1.36126,-1.3796,-1.71046,-0.757165,-0.0173932,-2.7734,-0.30248,-0.321899,-0.102984,-0.579442,-3.10972,-0.194946,-0.56701,-0.745338,-0.630843,-1.06993,-0.742211,-0.633368,-4.399,-2.25027,-1.65762,-0.773614,-2.77697,-1.83692,-1.6015,-1.55238,-0.698317,-0.251614,-0.125827,-0.616543,-4.19075,-7.93719,-2.15167,-1.98867,-1.46853,-4.09816,-4.68416,-2.90396,-2.25578,-2.1472,-2.16872,-0.525924,-4.17509,-0.647044,-3.24383,-5.17438,-4.01446,-2.12767,-1.96963,-2.22382,-1.89066,-1.94414,-2.22991,-9.50055,-1.61512,-1.35702,-1.5014,-1.27828,-1.69693,-1.50056,-1.30678,-0.167963,-0.0144198,-0.534542,-1.54866,-6.81805,-4.94032,-1.63704,-1.94547,-1.74603,-1.95101,-1.63897,-1.56478,-1.6337,-0.0123875,-0.855625,-3.33205,-0.574784,-1.07871,-2.22078,-0.561343,-0.159408,-0.959806,-5.87802,-3.67697,-0.248603,-0.260222,-0.7021,-2.27898,-3.6571,-1.57961,-2.40305,-1.68304,-1.94394,-1.41462,-1.49903,-1.4864,-4.14235,-1.33919,-1.32765,-1.38871,-1.43101,-1.17033,-1.18943,-0.607539,-0.740757,-1.27918,-1.11117,-3.04714,-3.50197,-4.65602,-3.19836,-0.533171
-1.82632,-1.09862,-1.27658,-1.10023,-1.43546,-1.19713,-1.35653,-1.12542,-1.11598,-1.0256,-2.19675,-1.84596,-0.991081,-2.42059,-1.56142,-1.2498,-0.976461,-1.90765,-1.02234,380.557,-1.25057,-0.842336,-0.917402,-0.853983,-1.51632,-12.5715,-1.86497,-5.39514,-1.74583,-2.3454,-1.19001,-1.01581,-0.877764,-0.888057,-1.02268,-1.02899,-5.82764,-2.64002,-1.06297,-2.82619,-1.32641,-1.06905,-1.18762,-1.04178,-1.03121,-1.25048,-0.931379,-1.36261,-1.3743,-1.31283,-1.22679,-19.6122,-1.25694,-1.21353,-1.10209,-1.08018,-1.22286,-1.2667,-1.50384,-1.45812,-1.95217,-1.3218,-0.927238,-1.04339,-2.51124,-1.05787,-1.58024,-2.20506,-1.43847,-1.90692,-1.03973,-1.04049,-1.28873,-1.98362,-1.14061,-2.20265,-2.21628,-1.44218,-1.8287,-1.13802,-2.93841,-1.86233,-1.52669,-8.09655,-2.06875,-1.27187,-1.01213,-0.824268,-1.22533,-1.11461,-1.09956,-1.24831,-1.74973,-1.00306,-1.30591,-1.3354,-1.11331,-1.36346,-1.12038,-0.964694,-0.953053,-1.33615,-0.986481,-1.57648,-29.3278,-1.42031,-0.678051,-3.17564,-0.934372,-1.93268,-2.75436,-0.762041,-1.62004,-2.32061,-0.99781,-1.02703,-1.61638,-1.69218,-0.935816,-1.33594,-1.69921,-2.54592,-1.13458,-8.60374,-2.49145,-1.03951,-1.05064,-1.0267,-1.05049,-1.28181,-1.74505,-1.45788,-1.15338,-1.3108,-1.02639,-1.05191,-1.06338,-2.25141,-1.22504,-2.09925,-1.29729,-1.03211,-1.11453,-1.01517,-1.18788,-1.03513,-1.12848,-1.23277,-0.977736,-0.985697,-1.31669,-1.39035,-1.07189,-1.35831,-1.05851,-1.08314,-1.26934,-5.05285,-1.04517,-2.27261,-1.01444,-0.953257,-0.589103,-3.00035,-1.08703,-0.833448,-1.30198,-1.06242,-1.13559,-2.10295,-6.55995,-1.05386,-1.29286,-3.46947,-1.51394,-1.04622,-3.49652,-1.68918,-1.4259,-1.25897,-1.11615,-0.963472,-1.31569,-1.03122,-1.0233,-1.05561,-2.43014,-0.973136,-3.84238,-0.884229,-1.47808,-1.07454,-1.09152,-1.05071,-1.45408,-1.52433,-1.34208,-1.23728,-1.18962,-1.1189,-1.42255,-2.03318,-1.47862,-1.11353,-1.32721,-1.34035,-0.997655,-1.28923,-2.0988
