312.563,-1.3595,-2.80931,-2.52332,-1.28817,-2.11771,-1.77427,-1.40832,-1.49768,-1.2882,-1.55826,-0.223654,-0.286555,-1.91676,-2.5273,-1.37073,-0.348873,-0.598348,-0.445101,-1.39261,-0.483513,-4.93857,-0.387412,-0.572019,-0.0704061,-0.513015,-0.113822,-0.63274,-0.112536,-0.12758,-0.295827,-0.596886,-0.632927,-0.506551,-1.0254,-1.8379,-0.427943,-0.486265,-0.359598,-0.321154,-0.77342,-0.756581,-1.0129,-1.01712,-0.539408,-0.294325,-0.655543,-0.149418,-0.336728,-0.234493,-0.246294,-0.992904,-1.22097,-0.30236,-0.224572,-1.10409,-0.354192,-0.198605,-0.564428,-0.854764,-0.360956,-0.417181,-0.40081,-0.466828,-14.8978,-0.853793,-1.02751,-3.09901,-0.375987,-0.476476,-0.458637,-3.75457,-0.687119,-0.842639,-0.41145,-3.15454,-0.304914,-2.73904,-5.88758,-1.1412,-0.436992,-0.217373,-1.00886,-0.808912,-1.00104,-0.244365,-0.258534,-0.229775,-1.52743,-1.59613,-1.27208,-1.79154,-14.0831,-0.949445,-2.11838,-1.74489,-1.17811,-3.93649,-1.37177,-0.647112,-0.3833,-0.0346752,-0.66873,-0.332932,-0.978338,-0.987302,-0.414138,-2.12425,-0.39093,-0.248256,-0.286058,-0.272083,-0.354717,-0.408952,-0.293405,-0.824663,-4.27756,-0.192847,-0.612578,-2.1115,-10.7284,-5.20274,-0.38248,-0.685437,-8.24142,-0.530606,-0.509161,-0.282341,-0.959529,-1.64525,-1.76891,-0.312339,-0.231515,-0.848309,-1.30018,-0.944898,-0.800534,-0.947716,-0.409569,-0.782973,-0.701803,-0.404537,-1.53263,-0.845623,-1.18409,-1.12677,-1.70543,-1.45793,-1.42866,-0.242618,-2.33766,-2.20087,-2.03247,-6.77495,-1.08364,-2.39522,-1.47604,-1.17121,-0.678891,-23.8901,-0.356589,-0.252771,-0.679629,-5.79887,-1.74922,-1.70561,-0.685653,-1.70311,-2.215,-1.67567,-0.464932,-0.215303,-0.64085,-0.312245,-0.208944,-0.794813,-0.375954,-0.328248,-0.196819,-0.309726,-8.59698,-0.453272,-0.31277,-0.460973,-0.168152,-0.567095,-1.96032,-0.701579,-3.4637,-0.984717,-2.84385,-1.93899,-1.41125,-0.510894,-3.04471,-8.34634,-3.20023,-1.75462,-1.47565,-1.63886,-0.373031,-0.205631,-0.213525,-0.193924,-1.23731,-3.73528,-0.291539,-0.397489,-1.83773
-1.3595,262.901,-0.00199254,-0.0099815,-0.579075,-0.00479426,-0.216206,-0.251279,-0.946589,-1.22779,-1.47552,-1.29595,-2.06902,-0.647837,-1.57568,-1.22165,-2.77697,-1.40179,-1.96117,-1.31876,-1.34489,-1.30862,-1.70874,-1.26477,-1.80662,-1.18248,-1.3512,-1.21552,-1.27483,-1.1165,-1.64981,-2.06485,-1.4081,-1.30195,-1.03668,-0.851195,-1.16533,-1.39197,-1.17462,-1.15814,-1.25061,-0.908461,-0.765038,-1.06395,-1.19704,-1.19908,-2.14322,-1.63571,-1.21464,-1.17102,-1.51864,-1.49035,-0.805393,-1.58247,-2.58272,-1.45783,-1.6403,-1.13535,-1.25559,-1.28243,-1.0378,-1.65539,-2.84082,-1.59989,-0.846148,-0.967139,-1.52545,-1.50743,-1.92849,-1.37038,-1.63087,-1.23996,-2.15503,-1.47706,-1.9658,-1.06336,-1.3754,-1.07758,-1.55987,-1.43408,-1.39888,-1.30028,-0.653637,-1.4623,-1.43058,-1.27046,-1.6492,-2.17841,-0.213738,-1.25368,-1.00498,-0.22221,-1.43454,-0.968111,-0.390491,-0.215022,-0.232374,-0.00142282,-0.710027,-2.13439,-3.02536,-1.45842,-2.16084,-1.31141,-1.49426,-1.43071,-1.09257,-1.53183,-2.79799,-1.31304,-1.14076,-2.51588,-1.34318,-1.14671,-2.12098,-1.45684,-0.851293,-1.27924,-1.86094,-1.05031,-0.825344,-0.810511,-1.67776,-1.20224,-1.51128,-1.9124,-1.63159,-1.14234,-1.7606,-0.816386,-0.59609,-1.02699,-2.10177,-1.27609,-1.14898,-1.80493,-0.936534,-1.43842,-1.02963,-1.41968,-1.04873,-1.5749,-1.25093,-0.905496,-0.747118,-1.10343,-1.14611,-0.771859,-1.12025,-1.11258,-0.751551,-0.0014143,-0.00802659,-0.330717,-0.863157,-0.00646467,-0.207932,-1.52675,-2.14253,-1.43986,-1.74855,-1.89013,-1.60068,-1.01968,-1.18187,-1.21795,-0.991875,-1.12114,-0.678785,-0.640965,-1.17536,-2.51392,-1.0456,-1.15712,-1.70221,-1.53768,-1.17554,-1.32046,-1.6301,-1.20281,-1.25924,-3.4455,-1.65021,-1.8911,-1.20474,-1.62184,-0.650897,-0.922895,-1.02017,-1.57028,-0.355675,-0.00293456,-0.00860223,-1.63483,-0.248305,-0.261034,-0.248466,-0.146802,-0.544178,-1.12046,-1.97124,-1.30374,-1.73926,-2.49551,-1.25993,-1.2632,-2.0777,-1.67503,-1.44151
-2.80931,-0.00199254,687.876,-0.00318949,-3.6208,-0.00483207,-0.438634,-0.663828,-0.665104,-0.762927,-2.58543,-7.77915,-1.9477,-1.90598,-2.83226,-1.10448,-2.27346,-2.45598,-3.41699,-4.32667,-2.14394,-2.58073,-1.88776,-5.2707,-2.61651,-6.62743,-4.1119,-3.42881,-8.9895,-12.1664,-3.6709,-2.756,-2.51006,-2.74395,-0.721631,-1.00929,-10.1236,-5.31638,-6.92292,-6.43124,-3.51784,-1.90606,-5.80886,-1.91182,-2.60108,-6.59672,-3.41122,-3.50154,-5.77992,-7.83698,-3.12002,-5.4371,-6.00619,-2.82128,-2.12705,-1.78362,-2.53342,-6.8656,-4.03792,-2.07787,-5.09885,-1.88512,-2.29919,-2.52199,-1.90369,-1.98221,-2.23513,-2.91162,-2.03633,-6.36726,-2.44066,-2.75979,-2.26822,-2.26645,-3.16477,-2.70395,-5.91134,-1.81138,-3.20441,-1.62693,-8.73536,-9.5131,-6.3445,-6.40876,-2.46302,-8.11753,-3.60496,-2.38091,-0.783972,-3.01511,-0.264696,-1.19897,-3.02254,-1.8908,-5.3045,-0.516338,-0.488316,-0.0209388,-7.19595,-3.45743,-2.12853,-3.52147,-3.03577,-7.12528,-5.43,-2.326,-7.54061,-4.3884,-2.28447,-10.1718,-9.49602,-2.16949,-8.63982,-5.87063,-1.88372,-1.27461,-1.42984,-7.66268,-1.56071,-1.66047,-1.55414,-2.15994,-3.52573,-4.38928,-3.29438,-2.26778,-2.31448,-7.45827,-1.1253,-4.12666,-1.99089,-7.20355,-1.9577,-2.05076,-1.75336,-1.10466,-1.94967,-2.47504,-6.64424,-4.40144,-3.07477,-2.7211,-3.04761,-1.88561,-6.21871,-1.85949,-1.1378,-4.96581,-1.65524,-6.37744,-3.60554,-0.00312326,-0.0119307,-1.03214,-0.515707,-0.00777905,-0.570403,-5.78881,-2.73783,-3.00059,-2.03419,-2.11478,-2.47586,-2.40124,-1.22135,-2.01206,-5.08387,-0.996436,-0.489237,-2.43881,-9.2657,-2.20013,-3.43408,-5.82721,-3.62301,-1.26379,-4.50929,-7.46158,-3.61496,-6.3558,-2.54123,-2.04982,-3.62387,-2.80967,-7.51635,-2.04467,-1.90519,-6.29026,-2.63068,-1.08281,-0.499708,-0.00360938,-0.0143404,-2.29362,-0.346676,-0.597869,-3.62026,-0.737415,-0.921915,-0.712829,-2.56352,-9.67199,-3.54572,-2.23027,-2.19789,-2.72127,-1.93314,-2.26858,-2.67489
-2.52332,-0.0099815,-0.00318949,752.57,-0.892955,-0.0152066,-0.287206,-0.337163,-0.861468,-0.985355,-2.59509,-2.15028,-10.4319,-1.02803,-2.70245,-2.2861,-9.94183,-2.49559,-4.65988,-2.48688,-2.35893,-2.39003,-3.49836,-2.37728,-5.05431,-1.8812,-2.60727,-1.95917,-2.20956,-1.81592,-3.00605,-6.05033,-3.51046,-2.70286,-1.73056,-2.97642,-1.83597,-2.61876,-2.15467,-1.8973,-2.41299,-1.54659,-1.30827,-2.35463,-2.29195,-2.21906,-5.63118,-3.424,-2.282,-2.08847,-3.43928,-2.79415,-1.43517,-4.04027,-19.4744,-3.99193,-4.52342,-1.92441,-2.42647,-2.26673,-1.72601,-3.61849,-7.68416,-4.29356,-1.57331,-1.80396,-2.4484,-2.67199,-4.05764,-2.55904,-4.51499,-2.35781,-5.05326,-2.48779,-5.33192,-2.03149,-2.59384,-1.90772,-2.78919,-3.36429,-2.54845,-2.23384,-1.02411,-2.71418,-2.50905,-2.1324,-3.32091,-5.4489,-0.306967,-2.41675,-0.61174,-0.332673,-2.67163,-1.90445,-0.668985,-0.289567,-0.296503,-0.00773518,-1.2211,-5.52125,-39.8694,-2.67081,-6.50713,-2.10609,-2.81905,-2.48533,-1.86364,-2.84431,-6.73763,-2.29031,-1.85074,-13.0074,-2.43896,-1.87488,-12.6848,-3.85555,-1.48975,-2.13669,-10.6963,-1.82016,-1.49821,-1.52679,-2.82248,-1.91781,-2.76135,-4.58166,-4.40591,-2.00482,-37.857,-1.51889,-0.924777,-1.70923,-10.8836,-2.25973,-3.21129,-25.3683,-1.66161,-2.52572,-1.72881,-2.72871,-1.74836,-4.10789,-2.40919,-1.6113,-1.30383,-2.69985,-2.47013,-1.4019,-3.24192,-1.87778,-1.38234,-0.00576435,-0.0307053,-0.544076,-1.16792,-0.0846734,-0.277763,-2.86168,-6.39368,-2.66341,-3.89502,-5.47803,-4.43745,-1.92943,-2.98912,-2.13118,-1.64062,-2.11014,-1.51323,-1.02311,-1.86687,-13.2686,-1.75154,-1.88792,-3.56886,-3.99843,-1.92697,-2.13395,-3.15296,-2.23883,-2.36846,-60.9446,-2.87279,-5.24609,-2.05324,-3.91285,-1.03542,-1.5859,-1.95297,-4.48115,-0.532845,-0.0108718,-0.017655,-4.40973,-0.355419,-0.432564,-0.414234,-0.218337,-0.651926,-0.979071,-5.46401,-2.23788,-3.76575,-10.4541,-2.25817,-2.3857,-10.9837,-4.51633,-2.60126
-1.28817,-0.579075,-3.6208,-0.892955,291.267,-0.709982,-1.28424,-1.24123,-0.978589,-0.949334,-1.3119,-1.77898,-0.637048,-0.636811,-1.60778,-0.440237,-0.93198,-1.18459,-1.2386,-1.5472,-0.959236,-1.07685,-0.755672,-1.59248,-1.00064,-7.9043,-1.60779,-2.23623,-1.79028,-5.13374,-1.19694,-1.13114,-0.633755,-0.640515,-0.288998,-0.396246,-11.53,-1.98912,-1.43118,-4.47227,-1.30309,-0.449526,-0.819834,-0.469771,-0.654062,-1.48359,-1.34035,-1.09951,-1.56898,-1.51603,-0.948941,-2.28361,-1.04377,-0.892333,-0.844262,-0.585482,-0.856277,-1.37968,-1.44459,-0.930853,-2.8597,-0.765548,-0.958287,-0.817415,-0.652177,-0.466709,-1.24436,-1.54552,-0.907554,-1.99105,-0.797136,-1.0093,-1.06026,-1.16777,-1.18969,-0.965371,-1.95352,-0.739774,-1.74316,-0.570757,-2.24121,-1.87886,-3.99781,-2.37868,-1.21555,-1.68845,-1.11993,-0.850643,-1.60965,-1.12069,-0.648258,-2.13319,-1.38612,-0.311369,-1.58578,-1.61066,-0.949924,-4.34239,-0.00960085,-1.36107,-0.896601,-1.0441,-1.24949,-1.835,-2.21576,-1.11686,-1.17423,-2.13796,-0.949415,-1.97324,-5.99581,-0.821664,-1.98515,-4.08636,-0.626318,-0.351624,-0.514096,-1.69816,-0.437243,-0.586192,-0.378598,-0.486187,-1.24448,-3.4867,-1.68167,-0.951607,-0.782174,-1.32159,-0.334035,-0.88767,-0.00574975,-3.20057,-0.674764,-0.881278,-0.466194,-0.329302,-0.458236,-1.23711,-2.71967,-1.72742,-1.49187,-0.838008,-1.13051,-0.306061,-0.588013,-0.470806,-0.253942,-0.604296,-0.308916,-1.20518,-0.0130418,-0.807337,-0.949445,-2.92965,-0.419921,-0.912338,-1.61733,-2.38752,-1.15964,-1.42489,-0.811925,-0.655809,-0.718909,-0.63119,-0.26463,-0.755716,-2.46865,-0.00274516,-0.443295,-0.941896,-10.8745,-0.855596,-1.67794,-4.31683,-1.18788,-0.400691,-3.0213,-1.87907,-1.14474,-1.49657,-0.997837,-0.911591,-1.23129,-1.06632,-1.46596,-0.734694,-0.630326,-0.742953,-0.665149,-0.00391698,-0.539713,-0.95359,-0.842455,-0.778176,-1.08698,-1.94685,-4.51873,-1.97088,-1.53819,-1.05558,-1.06957,-1.92195,-1.18902,-0.868539,-0.944012,-1.11303,-0.635784,-0.838834,-1.29945
-2.11771,-0.00479426,-0.00483207,-0.0152066,-0.709982,334.406,-0.287503,-0.249446,-1.14072,-0.897261,-2.50898,-1.37351,-2.18361,-0.916823,-2.65986,-3.1983,-2.39214,-2.37601,-2.02215,-1.76891,-2.40044,-2.08943,-3.50702,-1.60151,-2.38342,-1.5006,-1.81789,-1.74722,-1.40021,-1.35439,-1.58186,-2.77154,-1.54102,-1.31255,-0.704034,-0.92048,-1.41016,-1.80039,-1.36931,-1.48527,-1.72235,-0.841955,-0.837661,-1.06016,-1.16589,-1.39919,-2.29093,-1.66505,-1.47733,-1.31686,-1.62028,-1.95533,-0.922984,-1.82004,-2.74427,-2.20536,-2.06532,-1.214,-1.65996,-2.2645,-1.35331,-3.14686,-2.2815,-2.06306,-1.27717,-0.91964,-2.8791,-2.45037,-3.97834,-1.69958,-2.11527,-1.85812,-4.03229,-2.71305,-2.23522,-1.52036,-1.71949,-1.86643,-2.46841,-2.57119,-1.65326,-1.42368,-0.780162,-1.8543,-2.45475,-1.35903,-1.6497,-1.91777,-0.21754,-1.81523,-0.366542,-0.234938,-2.2151,-0.930764,-0.449687,-0.271201,-0.223628,-0.00397279,-0.799114,-2.27353,-2.92058,-1.42426,-2.60631,-1.36832,-1.95213,-2.53269,-1.18524,-2.14932,-2.19176,-1.46372,-1.40656,-2.43911,-1.56555,-1.48438,-2.34434,-1.19863,-1.47948,-1.35859,-1.81619,-1.88854,-1.34615,-1.15176,-1.55036,-1.6275,-2.32314,-3.2853,-2.27463,-1.2579,-1.82068,-0.992605,-0.810643,-1.28848,-2.2214,-2.26185,-1.2812,-1.86355,-0.877576,-2.46822,-1.30145,-1.90582,-1.50121,-1.87789,-1.80453,-0.849384,-0.839773,-1.14529,-2.40134,-0.906721,-1.28257,-1.18178,-0.942959,-0.00330754,-0.00326342,-0.465828,-0.529794,-0.00141033,-0.239626,-1.98487,-2.92343,-2.23903,-3.22877,-1.76791,-1.98828,-1.50265,-2.09138,-2.13463,-1.28591,-2.95428,-1.50866,-0.861338,-1.44154,-2.48325,-1.45906,-1.50031,-1.73154,-1.23037,-1.58889,-1.38378,-1.60256,-1.42013,-1.96764,-3.35615,-1.55332,-2.46335,-1.29515,-2.67596,-0.923158,-1.00455,-1.45042,-1.20238,-0.673196,-0.00409874,-0.00452652,-2.29899,-0.4554,-0.400815,-0.297614,-0.154299,-0.614565,-1.34811,-2.84237,-1.4283,-1.78315,-2.33731,-2.13555,-1.92195,-2.23727,-2.41182,-2.37075
-1.77427,-0.216206,-0.438634,-0.287206,-1.28424,-0.287503,267.929,-0.00451839,-0.650558,-0.523679,-1.94201,-1.47318,-1.05968,-1.67307,-2.20813,-0.963383,-1.19541,-1.82751,-1.35788,-1.65697,-1.6949,-1.70085,-1.34718,-1.57627,-1.34493,-2.45223,-1.68488,-2.61838,-1.48271,-1.94762,-1.27474,-1.43136,-1.06387,-1.02588,-0.485705,-0.61044,-2.21824,-1.76655,-1.40491,-2.18815,-1.58344,-0.792059,-1.01383,-0.844506,-0.985063,-1.42374,-1.43569,-1.26129,-1.49659,-1.39349,-1.20346,-1.91273,-1.10378,-1.22049,-1.19198,-1.10556,-1.24283,-1.31626,-1.57444,-1.64897,-1.96034,-1.31728,-1.19254,-1.23861,-1.25042,-0.817555,-2.07517,-2.05957,-1.4329,-1.68612,-1.22738,-1.56219,-1.49617,-1.91804,-1.38321,-1.43398,-1.69096,-1.47618,-2.13565,-1.13376,-1.69271,-1.5113,-1.39871,-1.86069,-1.88267,-1.44122,-1.26248,-1.1288,-0.582696,-1.56878,-0.373428,-0.646823,-1.82519,-0.776406,-0.755181,-0.0178627,-0.00316411,-0.495893,-0.894573,-1.44338,-1.21053,-1.19912,-1.44943,-1.49463,-1.87983,-1.83016,-1.25966,-2.0328,-1.17803,-1.54808,-2.0652,-1.15542,-1.59477,-2.20097,-1.06305,-0.739539,-1.2508,-1.44522,-0.899832,-1.41253,-1.17489,-1.1603,-1.28185,-2.70463,-2.01656,-1.42083,-1.2473,-1.32091,-0.767305,-1.12319,-1.60508,-1.81365,-1.07835,-1.61725,-0.882766,-0.762683,-0.804259,-1.89368,-1.77395,-1.74092,-2.00923,-1.21465,-1.57037,-0.757552,-0.988227,-0.861318,-0.879201,-1.03043,-0.83621,-1.26031,-0.99146,-0.449761,-0.273933,-0.0117788,-0.432088,-0.28306,-0.0164586,-1.9312,-1.45414,-1.86371,-1.35724,-1.03353,-1.17164,-1.3462,-0.867818,-1.5681,-1.83955,-0.767919,-0.44489,-1.59008,-2.24787,-1.17983,-1.97678,-2.26763,-1.30505,-0.7533,-2.36151,-1.5103,-1.2632,-1.44021,-1.59314,-1.22896,-1.28205,-1.38309,-1.36408,-1.27584,-1.65884,-1.09784,-1.32623,-0.604581,-0.703267,-0.271578,-0.244508,-1.24773,-0.915863,-0.997228,-0.817255,-0.54685,-1.28256,-0.708788,-1.42467,-1.52463,-1.31313,-1.17211,-1.64794,-1.62818,-1.06357,-1.28137,-1.87101
-1.40832,-0.251279,-0.663828,-0.337163,-1.24123,-0.249446,-0.00451839,303.739,-0.52556,-0.666968,-1.38805,-3.04414,-1.29218,-0.983729,-1.50939,-0.820341,-1.59615,-1.33187,-1.94939,-1.60978,-1.21385,-1.30364,-1.15591,-1.73425,-1.47309,-2.12625,-1.65884,-1.60264,-2.54962,-2.2412,-2.38186,-1.54897,-1.42232,-1.62894,-0.732384,-0.764273,-2.46426,-1.84966,-1.93013,-1.95797,-1.49934,-1.62912,-1.79609,-1.28942,-1.72257,-1.94389,-1.92708,-1.97576,-1.82352,-2.16334,-1.71736,-1.93527,-1.62,-1.54016,-1.41494,-1.11059,-1.4172,-2.53338,-1.60249,-1.19235,-1.70487,-1.16969,-1.67011,-1.38293,-1.01676,-1.47935,-1.32083,-1.49624,-1.25375,-1.95025,-1.36324,-1.31545,-1.37752,-1.30102,-1.74265,-1.27555,-1.92226,-1.06758,-1.58758,-1.04433,-2.23959,-2.65795,-1.68312,-2.02698,-1.34035,-2.82913,-2.06923,-1.65467,-3.07333,-1.38783,-0.501551,-1.98308,-1.46326,-1.32205,-1.1173,-0.00113485,-0.00603607,-0.527895,-1.43632,-1.95268,-1.45836,-2.22098,-1.70489,-3.53377,-1.9286,-1.2892,-2.3035,-1.79567,-1.69186,-2.52499,-2.17551,-1.45313,-2.20105,-1.88609,-1.25238,-1.04977,-0.888678,-2.92328,-1.12013,-0.994988,-0.886501,-1.0241,-2.68828,-1.81186,-1.57686,-1.32598,-1.30832,-2.21664,-0.884091,-1.36898,-0.929078,-1.83906,-1.31133,-1.17328,-1.12486,-0.873332,-1.55476,-1.35072,-1.76956,-1.71565,-1.38715,-1.46928,-1.39378,-1.45852,-1.56957,-1.21442,-0.783479,-1.38933,-1.03431,-2.48835,-1.10546,-0.239405,-0.430355,-0.00350928,-0.652668,-0.358683,-0.0123771,-1.99365,-1.5573,-1.47375,-1.21729,-1.43819,-1.3524,-1.14459,-0.824253,-1.11528,-1.61335,-0.658494,-0.422365,-1.09362,-2.33988,-1.47275,-1.44846,-1.91948,-2.04283,-1.06544,-1.75418,-3.46064,-2.17674,-1.90105,-1.28515,-1.42871,-2.56172,-1.5306,-2.56109,-1.20332,-0.982239,-1.96343,-1.19078,-0.820721,-0.403245,-0.453769,-0.558673,-1.30096,-0.477215,-0.634492,-1.02223,-1.80904,-0.958394,-0.591077,-1.46768,-2.68023,-1.99591,-1.51998,-1.21354,-1.34316,-1.27965,-1.31638,-1.39646
-1.49768,-0.946589,-0.665104,-0.861468,-0.978589,-1.14072,-0.650558,-0.52556,265.221,-0.280623,-1.63192,-1.24334,-1.43894,-1.12664,-1.70474,-1.49428,-1.5447,-1.5826,-1.44509,-1.38498,-1.58285,-1.49232,-1.66471,-1.32691,-1.49448,-1.3392,-1.39776,-1.45728,-1.25235,-1.25863,-1.31648,-1.58858,-1.2738,-1.20422,-1.01257,-1.07575,-1.29143,-1.4003,-1.23825,-1.32341,-1.36425,-1.01729,-1.01859,-1.11079,-1.14968,-1.24853,-1.51831,-1.33301,-1.27867,-1.21706,-1.30772,-1.45717,-1.05909,-1.35983,-1.57611,-1.4101,-1.41517,-1.17408,-1.34199,-1.53978,-1.26654,-1.59951,-1.53486,-1.41412,-1.22553,-1.05357,-1.79274,-1.62312,-1.7383,-1.36433,-1.42392,-1.40908,-1.76271,-1.69991,-1.48693,-1.29704,-1.36962,-1.42376,-1.63078,-1.47174,-1.35048,-1.263,-1.00466,-1.42417,-1.61411,-1.23658,-1.33159,-1.41496,-0.619763,-1.39342,-0.855946,-0.644973,-1.52902,-1.06178,-0.864278,-0.602698,-0.494759,-0.701586,-1.00148,-1.51532,-1.63321,-1.25314,-1.57207,-1.24326,-1.45398,-1.63324,-1.16283,-1.52479,-1.51652,-1.27871,-1.28514,-1.5253,-1.31597,-1.32544,-1.46692,-1.17269,-1.3133,-1.23648,-1.34158,-1.43833,-1.26003,-1.17682,-1.31226,-1.40577,-1.57633,-1.6526,-1.45569,-1.19331,-1.3199,-1.09627,-1.06509,-1.23247,-1.44803,-1.53714,-1.18334,-1.32913,-1.03441,-1.61725,-1.23747,-1.42984,-1.34091,-1.37266,-1.39049,-1.02474,-1.0255,-1.14083,-1.39926,-1.05993,-1.1844,-1.16099,-1.0775,-1.04186,-0.737167,-0.732501,-0.949359,-0.822744,-0.537281,-1.4683,-1.61908,-1.53913,-1.62769,-1.35141,-1.39312,-1.29542,-1.35109,-1.51056,-1.23932,-1.44291,-1.19215,-1.08321,-1.30585,-1.53448,-1.31889,-1.33337,-1.35734,-1.18378,-1.37526,-1.24989,-1.31826,-1.25667,-1.44341,-1.71345,-1.31,-1.52255,-1.20884,-1.52694,-1.12925,-1.0886,-1.27424,-1.17522,-1.15416,-0.717826,-0.629534,-1.46014,-0.994826,-0.85117,-0.724669,-0.626358,-0.106923,-1.23145,-1.59007,-1.26505,-1.37218,-1.51042,-1.50449,-1.43067,-1.44832,-1.48273,-1.58116
-1.2882,-1.22779,-0.762927,-0.985355,-0.949334,-0.897261,-0.523679,-0.666968,-0.280623,261.871,-1.31433,-1.3869,-1.50862,-0.985609,-1.35503,-1.22368,-1.73321,-1.29108,-1.57411,-1.27638,-1.26198,-1.25279,-1.36402,-1.28256,-1.44862,-1.24955,-1.31294,-1.23405,-1.35578,-1.24264,-1.54976,-1.51102,-1.36467,-1.37205,-1.37284,-1.17568,-1.25982,-1.33486,-1.28157,-1.23758,-1.26799,-1.29255,-1.14248,-1.29277,-1.36687,-1.29552,-1.60794,-1.49258,-1.28903,-1.30207,-1.42917,-1.37118,-1.14669,-1.41421,-1.6187,-1.31873,-1.40504,-1.31428,-1.28213,-1.24675,-1.18803,-1.36207,-1.7888,-1.3842,-1.1018,-1.29143,-1.32486,-1.33449,-1.43239,-1.33467,-1.39042,-1.23914,-1.5018,-1.30819,-1.53199,-1.19425,-1.33981,-1.17581,-1.35768,-1.29835,-1.36849,-1.36607,-1.03687,-1.36765,-1.2974,-1.36264,-1.50537,-1.6404,-0.844386,-1.25507,-1.42211,-0.837468,-1.30819,-1.27085,-0.958345,-0.531077,-0.666078,-0.752364,-1.06851,-1.611,-1.70422,-1.47351,-1.56516,-1.4054,-1.37136,-1.28973,-1.26967,-1.36629,-1.80287,-1.36146,-1.24287,-1.62743,-1.34733,-1.22511,-1.50449,-1.42486,-1.08857,-1.37571,-1.45722,-1.15616,-1.07683,-1.08768,-1.60566,-1.23749,-1.34202,-1.43511,-1.37819,-1.29334,-1.38702,-1.13116,-0.935126,-1.19258,-1.52089,-1.2414,-1.27692,-1.39135,-1.2925,-1.3024,-1.18809,-1.33026,-1.16568,-1.39595,-1.25467,-1.26866,-1.11534,-1.28695,-1.19258,-1.11262,-1.2501,-1.30041,-1.05719,-0.692325,-1.00794,-0.650617,-1.38458,-0.998345,-0.542496,-1.3842,-1.52957,-1.31373,-1.38303,-1.52699,-1.3782,-1.15771,-1.21202,-1.20565,-1.1524,-1.14856,-1.05648,-0.991411,-1.25736,-1.63111,-1.16956,-1.23522,-1.51835,-1.45259,-1.23201,-1.40722,-1.51905,-1.29259,-1.24515,-1.74663,-1.57625,-1.46801,-1.33162,-1.35498,-0.987461,-1.19926,-1.16395,-1.3843,-0.849084,-1.00556,-1.00749,-1.37764,-0.774015,-0.805704,-0.831558,-0.810999,-0.276872,-0.471897,-1.47921,-1.36957,-1.52367,-1.65111,-1.23942,-1.25478,-1.50497,-1.39295,-1.30648
-1.55826,-1.47552,-2.58543,-2.59509,-1.3119,-2.50898,-1.94201,-1.38805,-1.63192,-1.31433,339.352,-0.0521642,-0.491986,-2.1883,-4.52083,-1.98036,-0.0890039,-7.25447,-0.0950317,-0.820802,-3.64571,-2.69137,-0.706363,-0.548309,-0.445654,-0.120644,-0.577129,-0.141399,-0.175791,-0.211214,-0.0485907,-0.100816,-0.790879,-0.647061,-1.10631,-1.86689,-0.106491,-0.164826,-0.541933,-0.128594,-1.04556,-0.851346,-1.08482,-1.11222,-0.688105,-0.537035,-0.255321,-0.175888,-0.620931,-0.46968,-0.48752,-0.211494,-1.27344,-0.569966,-0.098865,-1.44758,-0.667719,-0.397195,-0.87584,-6.65785,-0.681453,-1.01684,-0.150738,-0.71968,-4.94422,-0.949008,-0.750127,-1.39019,-0.193966,-0.190053,-0.714742,-1.85796,-0.21681,-0.153189,-0.0281919,-2.30097,-0.207588,-21.2806,-1.58002,-1.66587,-0.0080451,-0.0842936,-1.12164,-0.14259,-5.56352,-0.111103,-0.117989,-0.109811,-1.52596,-1.39139,-1.36194,-1.76146,-0.656334,-1.02113,-1.99431,-1.84097,-1.17604,-3.44962,-1.31799,-0.261333,-0.0884459,-0.226051,-0.208812,-0.0857075,-0.170037,-1.81213,-0.474018,-0.474729,-0.148248,-0.0994811,-0.115682,-0.132404,-0.14942,-0.178234,-0.507151,-0.956551,-30.8687,-0.0768574,-0.804,-8.5647,-13.175,-3.31219,-0.147506,-0.208615,-0.50513,-0.27336,-0.801621,-0.445674,-1.15832,-1.59672,-1.87843,-0.582149,-0.482215,-5.91772,-1.39727,-1.14623,-0.895565,-6.46651,-0.621216,-0.266448,-1.08524,-0.624639,-1.36425,-0.919769,-1.21168,-1.22136,-2.24159,-1.43191,-1.49262,-0.392962,-2.00024,-2.88695,-2.00869,-6.05249,-1.16461,-2.41751,-1.50384,-0.320426,-0.148837,-0.526263,-0.641326,-0.425812,-0.759874,-2.94797,-2.12317,-10.0846,-0.757,-2.19478,-2.5613,-1.80047,-0.0984542,-0.0916622,-0.957408,-0.140543,-0.0966966,-0.934797,-0.171369,-0.0798933,-0.0801804,-0.558692,-2.4669,-0.175821,-0.0761586,-0.203224,-0.25331,-0.986117,-2.23328,-0.785163,-2.34719,-1.05601,-4.50423,-1.91446,-1.41777,-0.808902,-4.37063,-9.39038,-2.90826,-1.72528,-1.5266,-1.79354,-0.198039,-0.0949799,-0.111723,-0.0967388,-11.367,-1.95025,-0.500126,-0.811573,-1.22868
-0.223654,-1.29595,-7.77915,-2.15028,-1.77898,-1.37351,-1.47318,-3.04414,-1.24334,-1.3869,-0.0521642,255.304,-0.418596,-1.09221,-0.253969,-0.757789,-0.130752,-0.115313,-0.224238,-0.596679,-0.21157,-0.313217,-0.221968,-0.586005,-0.251551,-0.180085,-0.312723,-0.0480161,-0.898407,-0.254129,-0.255677,-0.122197,-0.979578,-1.28023,-1.39531,-1.82329,-0.225232,-0.111907,-1.19871,-0.0987627,-0.527589,-2.3273,-9.03938,-1.88546,-1.63058,-1.11,-0.378669,-0.286641,-0.848663,-1.67203,-0.706564,-0.210581,-3.91052,-0.575742,-0.0615468,-0.717848,-0.483348,-6.66349,-0.5946,-0.326608,-0.554427,-0.325454,-0.216975,-0.502045,-1.1702,-2.28681,-0.155683,-0.123173,-0.0516507,-0.275288,-0.486476,-0.490384,-0.110356,-0.0379825,-0.068359,-0.896861,-0.170964,-0.626221,-0.229193,-0.633897,-0.16405,-0.487105,-1.92987,-0.246336,-0.0517947,-3.52134,-0.295164,-0.164684,-4.6452,-0.487098,-1.42183,-6.58499,-0.142016,-2.20617,-6.48248,-1.68758,-2.21999,-4.65738,-6.16956,-0.385479,-0.122107,-0.556555,-0.221659,-1.46362,-0.21152,-0.111237,-5.20638,-0.284575,-0.220853,-0.396975,-0.128356,-0.141879,-0.40915,-0.190618,-0.396947,-1.13484,-0.914469,-3.41153,-0.730087,-0.602343,-1.04787,-1.38474,-0.504461,-0.179828,-0.139851,-0.124148,-0.448623,-2.44144,-0.903213,-2.40837,-1.26015,-0.667781,-0.396821,-0.326792,-1.47741,-0.884323,-2.33495,-0.0422479,-0.687223,-0.199916,-0.436407,-0.569094,-0.491364,-2.40862,-5.36844,-1.70381,-0.872731,-3.17802,-1.45812,-8.86911,-2.39437,-1.24594,-2.91737,-3.01273,-1.43844,-2.34406,-1.92614,-0.360162,-0.147214,-0.0684376,-0.215215,-0.492024,-0.616166,-0.903656,-0.953151,-0.410938,-0.706407,-0.882524,-1.34689,-1.27371,-0.224003,-0.0627661,-0.469661,-0.0622132,-0.0913232,-1.08857,-0.0575459,-1.68183,-0.143456,-1.02003,-0.417333,-0.176081,-0.298012,-0.162406,-3.3005,-0.381812,-1.09412,-7.04157,-0.983216,-1.15727,-1.19919,-3.05958,-2.72727,-0.443263,-1.44762,-2.25961,-5.69611,-6.1672,-1.62032,-1.34891,-0.0534848,-0.374946,-0.0990917,-0.0486391,-0.345487,-0.418451,-0.412029,-0.407154,-0.0558833
-0.286555,-2.06902,-1.9477,-10.4319,-0.637048,-2.18361,-1.05968,-1.29218,-1.43894,-1.50862,-0.491986,-0.418596,239.238,-0.576898,-0.739764,-1.00711,-2.58958,-0.331603,-1.4131,-0.475949,-0.172333,-0.219286,-0.250623,-0.238167,-0.769252,-0.432756,-0.317163,-0.389351,-0.325823,-0.263604,-0.687071,-1.6158,-0.647791,-0.429955,-2.07664,-9.22648,-0.42415,-0.463333,-0.00674255,-0.31503,-0.118765,-0.884616,-0.748296,-1.5895,-0.582904,-0.112515,-2.26368,-0.554177,-0.172975,-0.154696,-0.350388,-0.696925,-0.821705,-0.263096,-4.34288,-0.962491,-0.290577,-0.176462,-0.227312,-0.186691,-0.151265,-0.289092,-2.02357,-0.0162734,-0.86121,-1.08411,-0.583544,-0.605841,-0.592855,-0.446594,-0.019,-0.113952,-1.06364,-0.460433,-1.58077,-0.482362,-0.424983,-0.424559,-0.734412,-0.718032,-0.544183,-0.391567,-0.546236,-0.663724,-0.39627,-0.361515,-0.627187,-1.0767,-1.39121,-0.0119157,-2.12822,-1.53011,-0.433254,-1.26155,-1.46336,-1.08162,-1.11739,-2.05783,-0.931547,-2.19592,-3.42302,-0.31384,-2.5112,-0.504073,-0.694258,-0.380066,-0.18996,-0.763497,-1.751,-0.411144,-0.314643,-4.34695,-0.425921,-0.303765,-0.179234,-2.25958,-0.76606,-0.370018,-4.37573,-0.378472,-0.846787,-0.916313,-0.780239,-0.443596,-0.63758,-0.715405,-0.0183661,-0.00683993,-3.0894,-0.891192,-0.648445,-0.0808645,-12.3742,-0.0992777,-2.70427,-2.77048,-0.97079,-0.410643,-0.00699762,-0.471177,-0.00442816,-0.014888,-0.00946451,-1.00705,-0.802065,-1.99437,-1.23495,-0.874094,-2.98128,-0.00483641,-1.06713,-1.29716,-4.60684,-2.15063,-2.04734,-12.1147,-1.04659,-0.785771,-1.82024,-0.43962,-0.315084,-0.035093,-0.589767,-0.502102,-1.57416,-0.192014,-0.157065,-1.25334,-2.74147,-0.582042,-0.426421,-5.59239,-0.0121365,-0.322073,-0.731521,-2.17563,-0.326106,-0.508902,-0.593001,-0.113842,-0.0118489,-2.47522,-0.710905,-1.11585,-0.188277,-0.0137301,-0.58131,-0.426273,-0.517296,-2.7781,-1.18263,-3.82451,-1.90597,-0.0174429,-1.4689,-1.93504,-1.9677,-1.50451,-1.20087,-1.62528,-1.08578,-0.403609,-0.805462,-2.98147,-0.101055,-0.112097,-0.355415,-0.368445,-0.420438
-1.91676,-0.647837,-1.90598,-1.02803,-0.636811,-0.916823,-1.67307,-0.983729,-1.12664,-0.985609,-2.1883,-1.09221,-0.576898,282.802,-2.89912,-0.277037,-0.885828,-1.86147,-1.11153,-1.93882,-1.4378,-1.75719,-0.921895,-1.48257,-0.998445,-3.21358,-1.74682,-16.6343,-1.106,-1.79831,-0.94047,-1.23229,-0.476881,-0.434354,-0.258514,-0.385479,-2.16642,-1.98866,-0.957111,-2.9591,-1.44293,-0.127008,-0.189548,-0.14889,-0.357919,-0.987588,-1.26733,-0.88723,-1.14708,-0.90456,-0.732011,-2.45704,-0.333502,-0.758821,-0.837567,-0.457808,-0.789179,-0.774099,-1.39651,-1.2936,-2.36756,-0.831904,-0.899997,-0.785712,-0.379913,-0.136987,-1.99803,-2.6987,-1.10293,-1.72973,-0.769786,-1.41747,-1.27071,-1.85734,-1.14116,-0.918978,-1.71271,-0.827734,-3.10433,-0.474004,-1.64075,-1.17182,-0.410965,-2.23424,-1.98382,-1.0597,-0.916858,-0.768092,-0.997462,-1.41922,-0.630618,-1.19686,-2.19767,-0.00455993,-0.921912,-1.68817,-0.808282,-2.94641,-0.419151,-1.27367,-0.904384,-0.75583,-1.28165,-1.1298,-2.36071,-1.80986,-0.734096,-3.06853,-0.881839,-1.25144,-2.15241,-0.8041,-1.42328,-3.20935,-0.578626,-0.119319,-0.310903,-1.05102,-0.294254,-0.639598,-0.0130892,-0.00894595,-0.966605,-8.17908,-2.83166,-1.14652,-0.790841,-0.796951,-0.125653,-0.266485,-2.21495,-1.64465,-0.596554,-1.23104,-0.164938,-0.124197,-0.131534,-1.99941,-1.64752,-2.00654,-4.35234,-0.754755,-1.42579,-0.00597183,-0.00649402,-0.155895,-0.00393411,-0.00329935,-0.00208599,-0.704218,-0.612922,-1.21789,-0.949359,-14.0605,-0.37282,-1.00984,-1.2668,-2.52455,-1.27564,-2.25655,-0.967889,-0.551469,-0.730384,-0.730553,-0.00965898,-1.21045,-2.06501,-0.313526,-0.62138,-0.0493384,-2.38233,-0.825321,-3.82502,-3.37419,-0.968951,-0.175172,-5.54854,-1.15215,-0.901487,-1.02359,-1.40395,-0.938368,-0.947902,-1.13559,-0.907431,-0.803791,-0.275045,-0.371433,-0.708162,-0.226839,-1.03061,-0.929982,-0.756952,-0.790402,-1.70585,-5.28597,-2.28822,-1.15267,-1.40958,-1.20507,-1.16757,-1.18599,-0.983951,-0.814252,-1.35787,-1.50641,-0.580317,-0.832164,-2.10849
-2.5273,-1.57568,-2.83226,-2.70245,-1.60778,-2.65986,-2.20813,-1.50939,-1.70474,-1.35503,-4.52083,-0.253969,-0.739764,-2.89912,371.55,-2.23655,-0.149441,-5.21207,-0.189291,-1.2269,-4.80353,-3.83544,-1.18173,-0.945795,-0.776264,-0.219288,-1.05175,-0.604096,-0.413878,-0.490138,-0.200724,-0.374025,-1.0476,-0.869785,-1.2426,-2.04622,-0.184111,-0.608967,-0.843107,-0.499952,-1.57049,-1.01795,-1.30919,-1.30978,-0.88313,-0.832657,-0.0736254,-0.416876,-0.951023,-0.724855,-0.731577,-0.314658,-1.52786,-0.855472,-0.361647,-1.73622,-0.985956,-0.610148,-1.30763,-6.24191,-1.08506,-1.40813,-0.073642,-1.05967,-5.51457,-1.12884,-0.369882,-1.82497,-0.674546,-0.560132,-1.05142,-2.5985,-0.300139,-1.81183,-0.314997,-2.83959,-0.592309,-11.6294,-0.438959,-1.96664,-0.329101,-0.33189,-1.38718,-0.296793,-5.69696,-0.332838,-0.346598,-0.320384,-1.66967,-2.03717,-1.45518,-1.92875,-1.73391,-1.21001,-2.24515,-2.07688,-1.27844,-3.80436,-1.55995,-0.0436772,-0.176656,-0.427077,-0.18907,-0.148763,-0.324808,-4.11299,-0.705738,-0.316342,-0.0786531,-0.355553,-0.42554,-0.368693,-0.44844,-0.559315,-0.761132,-1.12502,-18.8803,-0.300571,-1.01332,-9.09201,-11.2423,-3.84054,-0.102566,-0.342271,-0.878576,-0.731558,-1.16369,-0.696508,-1.34451,-1.90732,-2.38937,-0.933514,-0.723496,-5.862,-1.61726,-1.33124,-1.06833,-5.39519,-0.997736,-0.771467,-1.84789,-0.9335,-2.00407,-1.09629,-1.45976,-1.42901,-2.49187,-1.71714,-1.71979,-0.615835,-2.34732,-3.28562,-2.12903,-7.01294,-1.28581,-2.52945,-1.66991,-0.20597,-0.281093,-1.73471,-1.11059,-0.647643,-1.06825,-3.56715,-2.35872,-8.97645,-1.16646,-2.44133,-2.7183,-2.30866,-0.210371,-0.343452,-1.59727,-0.506063,-0.327306,-1.09714,-0.618444,-0.137818,-0.304536,-0.865561,-3.27381,-0.0839711,-0.130807,-0.567844,-0.488105,-1.39438,-2.96206,-1.01826,-2.89466,-1.21577,-5.52314,-2.03551,-1.52752,-1.17323,-5.15739,-12.2343,-3.19139,-1.89119,-1.62247,-1.86838,-0.560261,-0.325275,-0.334099,-0.32029,-7.20772,-2.72706,-0.751427,-1.16019,-3.15172
-1.37073,-1.22165,-1.10448,-2.2861,-0.440237,-3.1983,-0.963383,-0.820341,-1.49428,-1.22368,-1.98036,-0.757789,-1.00711,-0.277037,-2.23655,272.654,-1.36072,-1.71084,-1.26515,-1.20147,-1.67951,-1.42932,-4.91885,-0.920062,-1.49251,-0.928262,-1.05553,-1.10227,-0.735515,-0.720869,-0.901694,-2.13913,-0.589196,-0.467914,-0.483318,-0.799886,-0.852196,-1.13183,-0.632191,-0.863476,-0.886557,-0.0920658,-0.0975404,-0.1244,-0.28835,-0.631756,-1.5556,-0.885759,-0.681819,-0.571983,-0.720298,-1.34676,-0.0366412,-0.869613,-1.57915,-0.839491,-1.07332,-0.507423,-0.820724,-1.37028,-0.611746,-3.05815,-1.30808,-1.12352,-0.190677,-0.104547,-2.29301,-1.93414,-6.56204,-1.05111,-1.16154,-1.0924,-5.34972,-2.15335,-1.44394,-0.472759,-1.02803,-0.650889,-2.00738,-1.29955,-1.01677,-0.789282,-0.0298489,-1.24936,-1.85932,-0.751746,-0.924247,-1.02876,-0.710547,-1.00233,-0.954809,-0.787235,-1.63114,-0.255883,-0.597135,-0.916343,-0.717422,-1.28456,-0.504585,-1.53386,-1.71298,-0.679921,-1.88675,-0.79568,-1.34965,-1.98366,-0.563001,-1.61955,-1.24398,-0.822991,-0.800489,-1.37111,-0.924352,-0.878241,-1.10283,-0.128702,-0.237052,-0.737361,-0.494242,-0.726029,-0.513592,-0.396828,-0.912222,-1.04103,-1.80033,-3.40819,-1.34926,-0.556548,-0.204455,-0.125591,-0.523028,-0.576542,-0.998285,-1.38984,-0.164393,-0.20582,-0.0971006,-1.86327,-0.602486,-1.2626,-0.738476,-0.949466,-0.992349,-0.227385,-0.240839,-0.138901,-2.11602,-0.269633,-0.406891,-0.508818,-0.647241,-1.53129,-1.31375,-1.90087,-0.5677,-1.89336,-0.798722,-1.41863,-2.34625,-1.62673,-3.48017,-0.764316,-1.14209,-0.659393,-1.12546,-1.42134,-0.651528,-39.3572,-3.92452,-0.256091,-0.883165,-1.38845,-0.710058,-0.869829,-0.964849,-0.0421272,-0.942181,-0.804617,-0.872114,-0.646684,-1.15316,-1.95019,-0.887146,-1.7442,-0.647261,-2.00419,-0.279738,-0.347535,-0.620478,-0.670723,-1.36326,-1.21647,-0.84384,-1.37767,-1.64525,-1.66468,-1.09051,-0.786987,-1.0387,-1.68032,-2.2092,-0.78782,-1.00006,-1.26837,-1.26718,-1.0709,-1.04271,-1.44017,-1.78107
-0.348873,-2.77697,-2.27346,-9.94183,-0.93198,-2.39214,-1.19541,-1.59615,-1.5447,-1.73321,-0.0890039,-0.130752,-2.58958,-0.885828,-0.149441,-1.36072,287.223,-0.241284,-0.103541,-0.502749,-0.347977,-0.414135,-0.472656,-0.473616,-0.696481,-0.010238,-0.391588,-0.0668713,-0.276414,-0.208679,-0.142624,-0.190491,-1.79471,-1.47757,-4.82479,-6.51737,-0.00758345,-0.195284,-0.607942,-0.140498,-0.580546,-1.71456,-1.25475,-2.85397,-1.49656,-0.604084,-0.387461,-0.523868,-0.596788,-0.575721,-1.09009,-0.0556655,-1.30913,-1.156,-0.766416,-1.50137,-1.09417,-0.544585,-0.597431,-0.482383,-0.425648,-0.676356,-0.847815,-1.05367,-1.22915,-2.07711,-0.0704001,-0.0218581,-0.221456,-0.239542,-1.08188,-0.592371,-0.0326736,-0.0764821,-0.223382,-0.932262,-0.246063,-0.7986,-0.103471,-1.21938,-0.106658,-0.185979,-0.880089,-0.0469934,-0.16153,-0.217931,-0.397351,-1.09407,-1.75314,-0.583587,-3.1903,-1.88911,-0.217148,-2.38643,-1.86799,-1.23166,-1.39477,-2.30328,-1.38316,-0.370919,-0.200924,-0.528543,-0.227333,-0.077497,-0.0471333,-0.193181,-0.622543,-0.11762,-0.695563,-0.200024,-0.148239,-1.74155,-0.23867,-0.168053,-2.09347,-10.5066,-1.10052,-0.179911,-6.1238,-0.78142,-1.19935,-1.31006,-0.199622,-0.0846403,-0.0571498,-0.311997,-0.973278,-0.585611,-3.97099,-1.36948,-0.918368,-0.433553,-2.49904,-0.482768,-3.31146,-3.72255,-1.876,-0.157255,-0.453514,-0.241055,-0.428687,-1.14482,-0.583229,-1.93334,-1.30925,-3.19124,-1.60794,-1.37342,-3.32587,-0.556586,-1.46334,-1.44266,-9.00836,-2.26827,-4.04573,-24.184,-1.22224,-0.103975,-0.0851354,-0.177443,-0.488557,-3.16112,-1.29507,-0.960417,-1.90475,-0.542926,-0.48311,-1.56063,-2.8486,-0.903711,-0.0306224,-1.21742,-0.43496,-0.134445,-0.339586,-10.1832,-0.134209,-0.00171983,-0.308837,-0.604175,-0.549402,-0.285849,-0.00939518,-0.433781,-0.387072,-0.787231,-0.891439,-0.964527,-0.992485,-11.7565,-1.38018,-6.67743,-2.76131,-0.964539,-1.60408,-2.0587,-2.2477,-1.86695,-1.29616,-1.74831,-0.316385,-0.179933,-0.362118,-2.01497,-0.490219,-0.540883,-2.35898,-0.919322,-0.171062
-0.598348,-1.40179,-2.45598,-2.49559,-1.18459,-2.37601,-1.82751,-1.33187,-1.5826,-1.29108,-7.25447,-0.115313,-0.331603,-1.86147,-5.21207,-1.71084,-0.241284,301.221,-0.287021,-0.849466,-1.69013,-2.29172,-0.456588,-0.418552,-0.161436,-0.325676,-0.203037,-0.375612,-0.0161153,-0.0311645,-0.185655,-0.374339,-0.624055,-0.507325,-1.01518,-1.73395,-0.274268,-0.178775,-0.362775,-0.136296,-0.661761,-0.736843,-0.938065,-0.969176,-0.547161,-0.333169,-0.464018,-0.0729187,-0.380578,-0.285569,-0.30292,-0.520127,-1.09858,-0.357637,-0.108597,-1.18026,-0.421879,-0.245207,-0.551253,-4.04862,-0.41684,-0.646601,-0.296437,-0.491753,-4.50483,-0.823459,-1.29811,-3.39016,-0.214843,-0.241792,-0.488085,-1.44601,-0.536289,-1.10486,-0.231949,-1.88422,-0.081751,-16.9977,-2.98236,-1.35617,-0.2313,-0.0956529,-0.955603,-0.444098,-2.89844,-0.140642,-0.150364,-0.139955,-1.43402,-0.967725,-1.2854,-1.65623,-0.897673,-0.901335,-1.84409,-1.74014,-1.12782,-3.2765,-1.20666,-0.458678,-0.270244,-0.0755379,-0.454724,-0.220787,-0.510034,-1.97687,-0.380579,-0.979296,-0.290676,-0.121821,-0.140281,-0.176194,-0.192039,-0.22545,-0.34229,-0.831699,-19.5457,-0.0857546,-0.651225,-6.12983,-14.2002,-2.99444,-0.276581,-0.45518,-1.5119,-0.35368,-0.550061,-0.297285,-1.00964,-1.39113,-1.67457,-0.356628,-0.300831,-3.66433,-1.22641,-0.99861,-0.775964,-2.73627,-0.411576,-0.34352,-0.706121,-0.424142,-0.946686,-0.809766,-1.06574,-1.06727,-2.00458,-1.26356,-1.33313,-0.261677,-1.84498,-2.65271,-1.92334,-5.72513,-1.07726,-2.32313,-1.431,-0.657359,-0.449388,-0.611802,-0.379606,-0.285923,-0.621672,-2.58282,-1.90918,-6.67284,-0.599934,-2.02085,-2.41836,-1.54974,-0.295002,-0.102786,-0.628146,-0.126392,-0.0886819,-0.80835,-0.150529,-0.213403,-0.0885708,-0.34696,-1.81683,-0.348531,-0.206862,-0.262833,-0.145321,-0.681519,-1.89936,-0.657531,-2.03213,-0.971181,-3.95956,-1.83114,-1.34865,-0.555541,-3.91916,-8.38229,-2.74223,-1.62516,-1.47404,-1.73665,-0.16937,-0.0851838,-0.0935516,-0.0874992,-19.3034,-1.28783,-0.337304,-0.511075,-1.86885
-0.445101,-1.96117,-3.41699,-4.65988,-1.2386,-2.02215,-1.35788,-1.94939,-1.44509,-1.57411,-0.0950317,-0.224238,-1.4131,-1.11153,-0.189291,-1.26515,-0.103541,-0.287021,341.744,-0.695658,-0.388284,-0.485136,-0.455543,-0.731334,-0.911513,-0.0448169,-0.597627,-0.101721,-0.485427,-0.308814,-0.197015,-0.163348,-7.25667,-5.14566,-2.72657,-6.55234,-0.0447452,-0.297929,-1.07293,-0.189974,-0.841296,-2.7112,-2.11714,-14.6144,-3.39007,-1.0947,-1.52301,-1.95785,-1.03728,-1.0337,-6.20619,-0.13285,-2.2827,-2.8335,-0.380665,-1.57998,-1.59634,-0.926772,-0.929918,-0.555723,-0.596534,-0.688323,-0.228048,-1.48765,-1.58668,-4.09936,-0.0927264,-0.071425,-0.210691,-0.358457,-1.44059,-0.755498,-0.0877093,-0.0854258,-0.493261,-1.28733,-0.408502,-0.92617,-0.147427,-1.22637,-0.16822,-0.309212,-1.22648,-0.0280509,-0.183065,-0.324955,-1.04909,-0.709981,-2.31821,-0.783031,-2.18507,-2.61984,-0.247646,-5.55953,-3.0205,-1.43737,-1.62465,-3.36714,-2.27758,-1.82166,-0.0104209,-1.07065,-0.351289,-0.122282,-0.0753139,-0.19878,-1.02133,-0.155263,-0.266811,-0.339081,-0.206164,-0.526271,-0.378467,-0.208386,-1.2211,-3.16233,-1.26661,-0.288581,-2.13458,-0.878872,-1.4384,-1.80088,-0.312968,-0.112288,-0.074485,-0.289017,-1.15918,-1.02207,-2.04,-2.33615,-1.15378,-0.622164,-1.36802,-0.549332,-7.10811,-1.95519,-3.23593,-0.188325,-0.644514,-0.326388,-0.54641,-2.19181,-0.785864,-3.34497,-2.23156,-44.7929,-1.5152,-2.37545,-5.75272,-0.921268,-2.31905,-1.48239,-6.84215,-2.9268,-2.52798,-5.6401,-1.45515,-0.14567,-0.0122976,-0.217173,-0.482158,-2.26748,-1.88553,-1.26085,-1.79631,-0.603227,-0.650223,-1.41953,-2.3205,-1.17767,-0.00527745,-0.448539,-0.567096,-0.190151,-1.33415,-2.88655,-0.184546,-0.0619045,-0.720451,-1.0837,-0.678986,-0.156653,-0.105381,-0.521176,-0.637402,-0.827902,-1.1189,-1.63241,-1.36149,-2.71704,-1.47871,-6.28734,-2.99299,-1.13332,-1.72128,-2.53031,-3.37376,-2.56297,-1.42863,-1.60795,-0.372055,-0.315612,-1.91513,-0.49947,-0.574045,-0.694389,-1.34893,-1.06034,-0.200237
-1.39261,-1.31876,-4.32667,-2.48688,-1.5472,-1.76891,-1.65697,-1.60978,-1.38498,-1.27638,-0.820802,-0.596679,-0.475949,-1.93882,-1.2269,-1.20147,-0.502749,-0.849466,-0.695658,341.258,-0.601927,-0.557322,-0.376172,-1.45432,-0.895483,-0.95906,-9.31164,-0.993629,-0.715664,-0.882744,-0.477455,-0.731251,-0.95798,-0.792509,-1.12992,-2.05693,-0.819776,-4.26685,-1.05985,-0.939613,-5.8923,-1.07842,-1.73555,-1.46246,-0.942811,-1.27539,-0.931794,-0.555942,-2.02051,-1.02375,-0.870879,-9.39052,-2.46137,-0.893872,-0.432994,-1.25755,-0.920015,-0.771063,-8.67709,-0.946238,-1.51937,-0.770802,-0.523767,-0.821156,-4.03427,-1.2354,-0.745727,-1.21145,-0.509109,-1.47406,-0.779748,-1.36704,-0.722592,-0.658944,-0.76766,-5.10441,-2.25265,-1.47738,-1.57916,-1.14196,-1.22125,-0.635678,-1.66377,-3.18932,-0.733361,-0.422392,-0.407848,-0.312022,-2.0001,-2.19962,-1.35119,-2.44992,-0.961516,-1.26426,-3.65697,-1.73829,-1.30636,-6.99504,-1.98566,-0.971739,-0.472793,-0.525817,-0.927732,-0.584244,-7.5131,-0.512695,-0.463828,-4.79943,-0.512582,-0.725872,-0.806551,-0.335597,-0.774636,-0.721071,-0.470818,-1.02169,-1.94877,-0.531221,-0.777501,-1.18175,-2.4687,-7.70131,-0.55566,-1.01557,-1.58535,-0.46852,-0.772443,-0.702334,-1.04633,-4.18606,-1.73845,-1.22163,-0.558393,-0.831394,-1.75185,-1.02431,-1.14965,-0.818434,-1.14338,-7.37159,-1.07447,-0.796969,-2.30448,-1.11917,-1.98826,-1.59705,-1.29948,-2.85665,-1.72928,-0.559911,-5.90768,-1.7297,-2.32641,-6.8209,-1.20542,-2.4889,-1.58211,-6.71309,-0.800258,-1.19211,-0.446136,-0.457089,-0.573525,-3.11571,-1.42306,-0.529747,-0.799753,-1.14343,-1.7989,-2.10064,-0.822488,-0.43157,-1.19581,-1.03125,-0.628223,-1.01503,-1.09905,-0.614263,-0.497619,-1.4067,-1.20945,-0.529674,-0.539722,-0.579411,-0.445426,-0.67796,-1.9693,-1.06336,-4.76812,-0.944592,-1.87582,-2.25153,-1.64191,-0.764877,-2.3009,-5.39761,-5.56623,-2.34695,-1.5435,-1.52553,-0.804645,-0.708586,-0.677198,-0.46834,-0.957059,-1.68916,-0.478017,-0.942411,-0.887959
