330.867,-1.24176,-1.19444,-1.24378,-1.30748,-1.3186,-1.26016,-1.14647,-1.1449,-1.09133,-1.80195,-0.790957,-1.55649,-1.53703,-1.171,-1.48548,-1.14851,-2.05076,-1.17176,-2.36999,-3.51788,-12.4098,-2.47723,-2.04358,-0.371693,-1.17443,-0.390181,-1.30585,-0.460888,-0.473411,-0.95179,-1.73831,-1.37583,-1.11221,-1.19219,-1.23974,-1.11315,-1.47494,-1.42933,-1.04967,-2.21778,-1.09256,-1.13315,-1.11789,-1.0041,-1.16487,-1.16708,-0.657391,-1.18895,-0.916717,-0.983884,-1.53995,-1.13826,-1.32158,-1.17162,-1.49089,-1.54947,-0.711444,-1.79589,-2.37821,-1.33796,-1.58753,-1.08731,-2.03682,-1.73397,-1.09795,-1.27401,-1.44702,-1.82683,-1.522,-2.02857,-7.70412,-1.42291,-1.66093,-1.44827,-7.28864,-1.04223,-1.78092,-1.28866,-1.52421,-1.25227,-0.837869,-1.22749,-1.51108,-2.25929,-0.919732,-1.01324,-1.07202,-1.14968,-3.22799,-1.18726,-1.15465,-3.57567,-1.13484,-1.19383,-1.24008,-1.14443,-1.23045,-1.19559,-1.13835,-1.26686,-0.158072,-1.40698,-0.9305,-1.66457,-2.44351,-1.13184,-1.46534,-1.05953,-0.892412,-0.967986,-1.24866,-1.22186,-1.2825,-1.63054,-1.16198,-1.69584,-0.764085,-1.24987,-1.9347,-1.72776,-1.69035,-0.891388,-1.26506,-1.58551,-2.37341,-2.33767,-1.19694,-1.31619,-1.20641,-1.41225,-1.19987,-1.22951,-3.23396,-1.18698,-1.31995,-1.09587,-1.87936,-1.66121,-2.20528,-3.35829,-1.78806,-3.20147,-1.12413,-1.18583,-1.13296,-1.55983,-1.21568,-1.25345,-1.02694,-1.27827,-1.35457,-1.17236,-1.26303,-1.1829,-1.21908,-1.20173,-1.4536,-1.5922,-2.75373,-2.30927,-1.26794,-2.21961,-3.24322,-1.5122,-2.98955,-1.66527,-1.50607,-1.36294,-1.4583,-1.16963,-1.07615,-2.93626,-0.977498,-0.820766,-1.14355,-1.08543,-0.925346,-0.816061,-1.20723,-4.02677,-1.16978,-0.911937,-2.3664,-0.751663,-2.5673,-1.5401,-1.10632,-4.18503,-1.23452,-1.44326,-1.16683,-1.15436,-2.35352,-1.32807,-1.3089,-1.18686,-1.16262,-1.11797,-1.14169,-1.58764,-0.764073,-0.808539,-0.917521,-3.92207,-3.34054,-1.60221,-1.73354,-2.48104
-1.24176,215.892,-0.00118926,-0.230525,-0.518372,-0.0037827,-0.176571,-0.198071,-0.734153,-0.984397,-1.3102,-1.29998,-1.20418,-0.575779,-1.3467,-1.0225,-1.63814,-1.27246,-1.51207,-1.13784,-1.23175,-1.19765,-1.25552,-1.17792,-1.29535,-1.22894,-1.23147,-1.24574,-1.25,-1.20117,-1.38786,-1.51969,-1.11366,-1.08325,-0.803968,-1.03341,-1.23231,-1.26661,-1.1364,-1.22203,-1.16004,-0.817227,-0.671427,-0.913174,-1.03801,-1.15152,-1.73317,-1.2935,-1.15542,-1.1483,-1.19186,-1.26864,-0.666774,-1.18364,-1.43468,-1.17929,-1.19038,-1.14702,-1.16554,-1.19168,-1.0979,-1.22784,-1.76612,-1.17621,-0.654753,-0.846887,-1.38987,-1.31944,-1.37584,-1.25512,-1.17891,-1.13486,-1.54541,-1.33326,-1.44493,-0.950796,-1.26147,-1.02014,-1.32446,-1.15738,-1.27799,-1.27279,-0.616928,-1.26987,-1.28975,-1.26405,-1.3273,-1.38952,-0.162248,-1.15331,-0.818699,-0.156634,-1.27593,-0.832807,-0.268118,-0.172707,-0.203988,-0.000793033,-0.562245,-1.73394,-1.65122,-1.24897,-1.69003,-1.33335,-1.27595,-1.29074,-1.06791,-1.26325,-1.74439,-1.26704,-1.21692,-1.43417,-1.25588,-1.20714,-1.20775,-1.04903,-0.76018,-1.28258,-1.21088,-0.995767,-0.696726,-0.59859,-1.4511,-1.22488,-1.30194,-1.37319,-1.17978,-1.13406,-1.20593,-0.642128,-0.519808,-1.09963,-1.22126,-1.17964,-1.07248,-1.20512,-0.831394,-1.29392,-1.09454,-1.26214,-1.10104,-1.17382,-1.1528,-0.795138,-0.623829,-0.954839,-0.987302,-0.612094,-1.09423,-1.13237,-0.528487,-0.00112453,-0.0063025,-0.177544,-0.682145,-0.0139224,-0.172946,-1.25619,-1.58972,-1.2843,-1.26586,-1.19787,-1.19462,-0.867338,-1.04573,-1.13188,-1.01024,-0.941177,-0.655189,-0.565482,-1.22976,-1.42871,-1.09999,-1.21995,-1.34678,-1.09513,-1.22476,-1.33646,-1.33271,-1.15158,-1.15846,-1.81562,-1.41654,-1.37304,-1.20536,-1.18464,-0.576315,-0.863314,-0.873348,-1.17529,-0.284904,-0.00221019,-0.00664683,-1.18041,-0.179512,-0.15509,-0.144125,-0.104907,-0.432351,-0.772194,-1.41169,-1.27457,-1.35763,-1.43723,-1.17382,-1.16688,-1.20511,-1.2122,-1.29045
-1.19444,-0.00118926,216.058,-0.00116138,-1.14631,-0.00238292,-0.321016,-0.784954,-0.4411,-0.545276,-1.2857,-1.46324,-1.07735,-0.825036,-1.32188,-0.600194,-1.29324,-1.22079,-1.39794,-1.28713,-1.14883,-1.15128,-1.12659,-1.22206,-1.18551,-1.56304,-1.23741,-1.38823,-1.34738,-1.37296,-1.4598,-1.23595,-0.98893,-1.03347,-0.412159,-0.376394,-1.60375,-1.35758,-1.14741,-1.39351,-1.12081,-0.841005,-1.07955,-0.759524,-1.00527,-1.15635,-1.3863,-1.2965,-1.16118,-1.18289,-1.14629,-1.50833,-1.14749,-1.12093,-1.2241,-0.804765,-1.10567,-1.2159,-1.14284,-1.06866,-1.19486,-1.05616,-1.31511,-1.09269,-0.718618,-0.811712,-1.27494,-1.32256,-1.20798,-1.3629,-1.09014,-1.08305,-1.21357,-1.26305,-1.32992,-0.932022,-1.33756,-0.829913,-1.34839,-0.802884,-1.47156,-1.40729,-1.20123,-1.53028,-1.25847,-1.40869,-1.34482,-1.28277,-0.669091,-1.09894,-0.158497,-0.952614,-1.26551,-0.769286,-1.13667,-0.410737,-0.654451,-0.00800178,-1.23624,-1.39605,-1.24137,-1.27222,-1.26407,-1.61217,-1.50105,-1.23162,-1.23107,-1.48265,-1.33927,-1.41189,-1.41856,-1.22695,-1.38349,-1.38104,-1.06961,-0.685445,-0.624398,-1.40984,-0.827792,-0.813333,-0.616286,-0.756833,-1.62274,-1.5009,-1.34757,-1.20362,-1.08181,-1.16066,-0.602867,-1.13644,-0.876387,-1.19023,-1.08542,-1.07434,-0.674819,-0.601868,-0.826501,-1.25886,-1.16695,-1.33177,-1.12848,-1.10189,-1.09975,-0.804268,-1.10182,-0.73322,-0.559385,-1.12485,-0.627557,-1.17323,-1.23614,-0.00174948,-0.00468962,-0.311139,-0.303899,-0.00282065,-0.809325,-1.5884,-1.23394,-1.27567,-1.14529,-1.09867,-1.05622,-0.898786,-0.559553,-1.01521,-1.2016,-0.514267,-0.217079,-0.917198,-1.58303,-1.2437,-1.13461,-1.39674,-1.35325,-0.690824,-1.37439,-1.60787,-1.36014,-1.15427,-1.08661,-1.22276,-1.52728,-1.24106,-1.27083,-1.06859,-0.822021,-1.13192,-0.915779,-0.579562,-0.249133,-0.00146117,-0.00809541,-1.08052,-0.165684,-0.200327,-1.74573,-0.602652,-0.873196,-0.43346,-1.22408,-1.41992,-1.34991,-1.25708,-1.08319,-1.10201,-1.07429,-1.0831,-1.26186
-1.24378,-0.230525,-0.00116138,215.953,-0.518016,-0.00990176,-0.177045,-0.197063,-0.740941,-0.978589,-1.31381,-1.29862,-1.20492,-0.576982,-1.35301,-1.03076,-1.6378,-1.27503,-1.50998,-1.13929,-1.23395,-1.19978,-1.25788,-1.17844,-1.29671,-1.22991,-1.2324,-1.24809,-1.24951,-1.20139,-1.38554,-1.52286,-1.11204,-1.0805,-0.791767,-1.01977,-1.23265,-1.26738,-1.13634,-1.22285,-1.16094,-0.811554,-0.668508,-0.9063,-1.03386,-1.15149,-1.72953,-1.29303,-1.1555,-1.14789,-1.19158,-1.26999,-0.664264,-1.18397,-1.43625,-1.1832,-1.19113,-1.14583,-1.16619,-1.19429,-1.09856,-1.23033,-1.76402,-1.17705,-0.657409,-0.840844,-1.39625,-1.32375,-1.37915,-1.25553,-1.17977,-1.13632,-1.55145,-1.33733,-1.44492,-0.952792,-1.26195,-1.02492,-1.3296,-1.16204,-1.27789,-1.27216,-0.615843,-1.27055,-1.29265,-1.26306,-1.32632,-1.38897,-0.16131,-1.15443,-0.77532,-0.155874,-1.27841,-0.826571,-0.267149,-0.172965,-0.202816,-0.00255953,-0.560218,-1.73001,-1.65343,-1.24816,-1.69227,-1.33078,-1.27713,-1.29395,-1.06632,-1.26603,-1.74122,-1.26649,-1.21736,-1.43491,-1.25577,-1.20808,-1.20872,-1.0416,-0.765114,-1.2816,-1.21025,-1.0003,-0.700922,-0.600368,-1.44601,-1.22674,-1.3057,-1.37617,-1.18092,-1.13364,-1.20713,-0.640061,-0.520589,-1.09989,-1.22203,-1.18172,-1.0654,-1.20659,-0.825522,-1.29697,-1.09493,-1.26318,-1.10229,-1.17437,-1.1539,-0.789414,-0.621471,-0.947638,-0.995122,-0.610086,-1.088,-1.13159,-0.527644,-0.00351837,-0.0116265,-0.178096,-0.668363,-0.0303815,-0.172841,-1.25752,-1.59372,-1.28682,-1.26801,-1.19788,-1.19522,-0.869583,-1.05331,-1.13512,-1.01077,-0.951173,-0.670807,-0.566098,-1.23028,-1.42953,-1.1011,-1.22095,-1.34597,-1.08746,-1.22612,-1.33402,-1.33172,-1.1516,-1.15989,-1.81976,-1.4133,-1.37462,-1.20482,-1.18618,-0.57754,-0.860448,-0.875198,-1.16545,-0.287241,-0.00436366,-0.00990052,-1.18159,-0.180898,-0.155832,-0.143831,-0.104509,-0.432352,-0.779733,-1.41429,-1.27386,-1.35679,-1.43761,-1.1757,-1.16826,-1.20596,-1.21371,-1.29326
-1.30748,-0.518372,-1.14631,-0.518016,232.473,-0.534217,-0.963673,-0.880567,-0.799501,-0.791743,-1.52546,-1.77798,-0.949714,-0.651243,-1.62443,-0.460172,-1.31836,-1.36435,-1.49087,-1.4722,-1.16195,-1.12965,-1.07941,-1.24607,-1.24264,-2.51178,-1.38274,-1.88265,-1.56796,-1.7562,-1.62552,-1.28531,-0.703705,-0.731289,-0.291151,-0.275939,-2.61711,-1.65672,-1.08858,-1.81963,-1.10573,-0.478634,-0.742,-0.428733,-0.729606,-1.14954,-1.40865,-1.39946,-1.1889,-1.21592,-1.13063,-2.24294,-0.990187,-1.07476,-1.25595,-0.588815,-1.05373,-1.25838,-1.18059,-1.05835,-1.3608,-1.0145,-1.30888,-0.991812,-0.610659,-0.459717,-1.49933,-1.64996,-1.28451,-1.62454,-0.986652,-0.967377,-1.29703,-1.46575,-1.44954,-0.868179,-1.59138,-0.700641,-1.71406,-0.606408,-1.93643,-1.69121,-2.17715,-2.24433,-1.44697,-1.6331,-1.4429,-1.30371,-1.01717,-1.02347,-0.576945,-1.08788,-1.43315,-0.297504,-1.08205,-1.06846,-0.84666,-1.29227,-0.00978932,-1.42618,-1.25185,-1.35575,-1.30195,-2.01226,-2.17286,-1.35521,-1.10318,-2.17391,-1.33324,-1.71634,-1.88182,-1.21597,-1.64451,-1.76758,-0.940242,-0.389332,-0.444496,-1.66046,-0.528562,-0.591646,-0.3118,-0.50747,-1.74941,-2.29855,-1.71537,-1.24203,-0.978141,-1.09994,-0.357072,-0.980209,-0.00572266,-1.27936,-1.0024,-1.02982,-0.385597,-0.35688,-0.469196,-1.46422,-1.18005,-1.56707,-1.1229,-1.00222,-1.02486,-0.312108,-0.573716,-0.414441,-0.242926,-0.658695,-0.248092,-1.10753,-0.0387811,-0.648831,-0.570516,-0.946908,-0.409361,-0.52496,-1.14337,-2.57821,-1.28253,-1.48616,-1.12199,-0.970797,-0.837884,-0.624286,-0.239014,-0.838078,-1.25361,-0.00263895,-0.333103,-0.978958,-2.53091,-1.28039,-1.13283,-1.86599,-1.5113,-0.447351,-1.80722,-2.02418,-1.50745,-1.1481,-1.00459,-1.2198,-1.72498,-1.29141,-1.33123,-0.960312,-0.643564,-0.696592,-0.644714,-0.00402031,-0.435477,-0.583645,-0.64044,-0.976278,-0.740771,-0.905384,-1.35845,-1.04028,-1.1115,-0.799051,-1.31079,-1.73656,-1.50572,-1.30705,-1.04643,-1.07659,-0.946473,-1.04206,-1.45332
-1.3186,-0.0037827,-0.00238292,-0.00990176,-0.534217,218.733,-0.20873,-0.173766,-0.996488,-0.739195,-1.47158,-1.26801,-1.21288,-0.657386,-1.6758,-1.27616,-1.56316,-1.376,-1.42284,-1.21875,-1.3118,-1.28194,-1.33269,-1.20495,-1.33271,-1.30567,-1.27038,-1.36977,-1.24381,-1.23087,-1.31296,-1.59167,-1.03965,-0.985632,-0.500886,-0.60304,-1.28386,-1.3106,-1.1363,-1.27714,-1.19133,-0.660868,-0.600688,-0.712038,-0.904381,-1.15135,-1.55681,-1.27678,-1.16033,-1.13771,-1.17574,-1.35452,-0.608821,-1.18822,-1.45958,-1.24194,-1.20694,-1.11241,-1.18903,-1.28233,-1.13814,-1.30096,-1.61119,-1.19632,-0.803308,-0.67589,-1.69319,-1.52608,-1.48829,-1.28591,-1.1994,-1.18752,-1.74413,-1.50916,-1.42744,-1.03616,-1.29131,-1.21145,-1.58655,-1.26427,-1.2968,-1.2654,-0.607664,-1.32762,-1.41301,-1.24392,-1.29381,-1.35389,-0.142179,-1.19076,-0.273826,-0.140874,-1.38264,-0.657223,-0.249754,-0.192991,-0.175407,-0.00181809,-0.519821,-1.55126,-1.64958,-1.22215,-1.68562,-1.26844,-1.3527,-1.42375,-1.02798,-1.41885,-1.56944,-1.26321,-1.25873,-1.42717,-1.2676,-1.26767,-1.22367,-0.796741,-1.00928,-1.26125,-1.10791,-1.17534,-0.918584,-0.7061,-1.3013,-1.33919,-1.48537,-1.46936,-1.21048,-1.12218,-1.04462,-0.598088,-0.583605,-1.12229,-1.22975,-1.24944,-0.817914,-1.05041,-0.668099,-1.42416,-1.12037,-1.31463,-1.15779,-1.18471,-1.1898,-0.637788,-0.570274,-0.736542,-1.19349,-0.569567,-0.833968,-1.10884,-0.525501,-0.00232121,-0.00177563,-0.211795,-0.383678,-0.00083036,-0.177421,-1.35008,-1.67892,-1.39308,-1.33541,-1.1839,-1.19575,-0.976355,-1.1799,-1.25611,-1.05438,-1.31289,-1.1385,-0.620193,-1.2876,-1.42979,-1.15167,-1.28366,-1.31785,-0.827799,-1.30169,-1.27525,-1.30011,-1.15369,-1.20581,-1.82528,-1.3171,-1.41569,-1.19399,-1.22817,-0.65895,-0.788827,-0.962423,-0.814587,-0.443624,-0.00227435,-0.00302078,-1.21215,-0.279173,-0.204248,-0.141322,-0.093984,-0.455336,-1.02894,-1.48562,-1.26525,-1.32618,-1.42249,-1.23769,-1.2138,-1.21723,-1.25186,-1.40952
-1.26016,-0.176571,-0.321016,-0.177045,-0.963673,-0.20873,214.858,-0.00351334,-0.513308,-0.422433,-1.43053,-1.30733,-1.07942,-1.16154,-1.70972,-0.792136,-1.22413,-1.30788,-1.24991,-1.30583,-1.211,-1.20324,-1.17772,-1.1908,-1.21042,-1.57659,-1.25054,-1.5128,-1.26609,-1.33612,-1.26363,-1.2658,-0.930654,-0.924175,-0.417825,-0.418232,-1.5461,-1.34123,-1.11377,-1.38753,-1.14418,-0.692893,-0.798934,-0.670214,-0.878988,-1.13258,-1.23033,-1.22186,-1.14782,-1.14216,-1.11912,-1.54601,-0.856325,-1.11636,-1.22353,-0.907623,-1.11804,-1.13361,-1.16027,-1.1681,-1.22149,-1.13748,-1.20943,-1.10021,-1.10652,-0.68391,-1.5576,-1.54149,-1.28526,-1.3146,-1.09879,-1.11511,-1.33603,-1.4177,-1.2656,-1.07335,-1.30835,-1.04252,-1.66389,-0.929742,-1.38361,-1.30031,-1.01035,-1.49774,-1.35925,-1.27043,-1.22781,-1.19796,-0.434433,-1.12262,-0.303934,-0.465133,-1.33719,-0.636247,-0.587066,-0.0148124,-0.00271417,-0.468946,-0.722267,-1.23481,-1.22948,-1.19274,-1.25162,-1.3395,-1.51439,-1.33285,-1.07195,-1.67049,-1.20737,-1.30751,-1.38277,-1.19052,-1.30051,-1.37688,-1.08035,-0.656065,-0.923853,-1.28346,-0.838239,-1.00219,-0.917247,-1.11637,-1.27081,-1.61089,-1.54079,-1.25704,-1.10253,-1.10768,-0.671966,-0.862514,-1.14619,-1.18258,-1.09704,-1.14599,-0.656974,-0.672883,-0.688511,-1.37253,-1.15844,-1.32281,-1.17156,-1.09749,-1.12277,-0.645881,-0.783517,-0.66454,-0.698097,-0.812107,-0.614723,-1.10067,-0.870859,-0.347037,-0.17322,-0.153197,-0.367429,-0.172833,-0.0137437,-1.63171,-1.27624,-1.35886,-1.18932,-1.07278,-1.03418,-1.05452,-0.677096,-1.11438,-1.18946,-0.622375,-0.323407,-1.14,-1.54049,-1.21834,-1.16977,-1.41105,-1.25659,-0.674115,-1.41551,-1.34702,-1.24907,-1.13394,-1.12328,-1.2321,-1.28275,-1.24041,-1.18829,-1.10436,-1.16128,-0.892625,-1.03897,-0.521617,-0.551353,-0.174856,-0.183784,-1.10255,-0.69999,-1.3573,-0.648777,-0.394866,-1.00059,-0.521274,-1.2709,-1.31052,-1.25599,-1.21996,-1.14815,-1.14649,-1.0803,-1.12861,-1.35728
-1.14647,-0.198071,-0.784954,-0.197063,-0.880567,-0.173766,-0.00351334,217.229,-0.406137,-0.529154,-1.18388,-1.38787,-1.06491,-0.760175,-1.18384,-0.681622,-1.28101,-1.15677,-1.3672,-1.14271,-1.10067,-1.08116,-1.07992,-1.14842,-1.15875,-1.37764,-1.18924,-1.25613,-1.28651,-1.2827,-1.40615,-1.18923,-1.02195,-1.07431,-0.586774,-0.518033,-1.41807,-1.26537,-1.11707,-1.27801,-1.09722,-1.04008,-1.19852,-0.943277,-1.1055,-1.13572,-1.38999,-1.25211,-1.1425,-1.16561,-1.14378,-1.35056,-1.23786,-1.10906,-1.18993,-0.85583,-1.09349,-1.20656,-1.1245,-1.05111,-1.1475,-1.04962,-1.31986,-1.07102,-0.720447,-1.00714,-1.16598,-1.20363,-1.15164,-1.26351,-1.06919,-1.03888,-1.16091,-1.17097,-1.28592,-0.934046,-1.25992,-0.849298,-1.2078,-0.849037,-1.35607,-1.32609,-1.13849,-1.37159,-1.17367,-1.32321,-1.28701,-1.24281,-3.63325,-1.06793,-0.394546,-2.94187,-1.17199,-0.935348,-1.19605,-0.000860678,-0.0112934,-0.434469,-1.11726,-1.40462,-1.21757,-1.24274,-1.24134,-1.52008,-1.34699,-1.14395,-1.17399,-1.29779,-1.34786,-1.32686,-1.30033,-1.19161,-1.2871,-1.25489,-1.05691,-0.843105,-0.661067,-1.33664,-0.897657,-0.820913,-0.627069,-0.717571,-1.59975,-1.31858,-1.21775,-1.14297,-1.05966,-1.13234,-0.71224,-1.1741,-0.709215,-1.14509,-1.08252,-1.05254,-0.826201,-0.710396,-1.02393,-1.17698,-1.11563,-1.23374,-1.07651,-1.08107,-1.06864,-0.975488,-1.14212,-0.908616,-0.615089,-1.12674,-0.744905,-1.14761,-0.966631,-0.178474,-0.283071,-0.00194586,-0.525354,-0.212704,-0.00969593,-1.38493,-1.1914,-1.18871,-1.0992,-1.08902,-1.02877,-0.854468,-0.62223,-0.960928,-1.09486,-0.519363,-0.289268,-0.823877,-1.39613,-1.2114,-1.0826,-1.28049,-1.30722,-0.857012,-1.26083,-1.51653,-1.30868,-1.13315,-1.05608,-1.20875,-1.48381,-1.18413,-1.21552,-1.0462,-0.758155,-1.14396,-0.873158,-0.646973,-0.294717,-0.303813,-0.407912,-1.05839,-0.322882,-0.363695,-1.02815,-2.64377,-0.737439,-0.427604,-1.18235,-1.34138,-1.30884,-1.23163,-1.06017,-1.07859,-1.06154,-1.07534,-1.17723
-1.1449,-0.734153,-0.4411,-0.740941,-0.799501,-0.996488,-0.513308,-0.406137,211.476,-0.225323,-1.21481,-1.12511,-1.09473,-0.898669,-1.32036,-1.09373,-1.21833,-1.16952,-1.17571,-1.11485,-1.14056,-1.13128,-1.14522,-1.09982,-1.14373,-1.16023,-1.1255,-1.1835,-1.11489,-1.11581,-1.1384,-1.23255,-1.02164,-0.999045,-0.798013,-0.858456,-1.1484,-1.14643,-1.06895,-1.13798,-1.09156,-0.849088,-0.819007,-0.875938,-0.961578,-1.0746,-1.21851,-1.12401,-1.07842,-1.06887,-1.08109,-1.1769,-0.822558,-1.08725,-1.18669,-1.09171,-1.09456,-1.05708,-1.09015,-1.12668,-1.07621,-1.12923,-1.23268,-1.0909,-0.977826,-0.857114,-1.30565,-1.24475,-1.20417,-1.13575,-1.0919,-1.09144,-1.28652,-1.22637,-1.17887,-1.03768,-1.13657,-1.10345,-1.28036,-1.10174,-1.14261,-1.12506,-0.831956,-1.16277,-1.1874,-1.11532,-1.13048,-1.14932,-0.466127,-1.0914,-0.668405,-0.465471,-1.17531,-0.850666,-0.615414,-0.473243,-0.407528,-0.459571,-0.771715,-1.21711,-1.24489,-1.1019,-1.25734,-1.12605,-1.17401,-1.19011,-1.02276,-1.21419,-1.22,-1.12471,-1.1299,-1.17338,-1.12725,-1.13483,-1.09882,-0.916627,-1.05454,-1.12199,-1.04115,-1.09157,-1.02999,-0.929813,-1.13362,-1.17779,-1.22991,-1.19577,-1.09655,-1.06266,-1.01162,-0.821471,-0.851987,-1.06793,-1.10069,-1.11405,-0.926066,-1.01354,-0.85297,-1.19211,-1.06714,-1.1477,-1.08412,-1.08615,-1.09105,-0.839973,-0.806397,-0.888227,-1.06934,-0.807882,-0.935714,-1.05659,-0.786439,-0.836511,-0.535326,-0.520671,-0.747405,-0.663971,-0.430039,-1.18134,-1.25924,-1.17987,-1.14639,-1.08316,-1.08625,-1.02319,-1.0598,-1.12024,-1.0457,-1.0974,-1.0166,-0.868642,-1.15026,-1.17622,-1.08137,-1.14197,-1.14017,-0.927855,-1.14973,-1.1292,-1.13364,-1.07567,-1.09731,-1.29395,-1.14047,-1.17524,-1.09308,-1.10343,-0.899834,-0.913737,-1.01389,-0.923325,-0.931042,-0.519634,-0.479363,-1.09718,-0.823993,-0.671361,-0.47635,-0.455341,-0.084167,-1.37934,-1.19974,-1.12518,-1.1428,-1.17328,-1.10988,-1.10053,-1.09644,-1.11116,-1.1858
-1.09133,-0.984397,-0.545276,-0.978589,-0.791743,-0.739195,-0.422433,-0.529154,-0.225323,210.26,-1.10514,-1.13334,-1.07728,-0.823265,-1.1124,-0.99851,-1.21693,-1.09799,-1.19486,-1.03973,-1.08167,-1.06409,-1.08477,-1.06749,-1.11158,-1.09662,-1.09428,-1.09341,-1.10952,-1.09045,-1.16269,-1.16742,-1.0601,-1.06022,-1.04982,-1.05869,-1.10242,-1.10575,-1.06168,-1.09125,-1.06709,-1.02164,-0.938916,-1.05229,-1.06568,-1.0705,-1.25941,-1.11981,-1.07281,-1.07405,-1.08669,-1.10843,-0.93228,-1.07787,-1.1497,-1.05648,-1.07751,-1.08022,-1.07322,-1.07048,-1.05092,-1.08241,-1.25602,-1.06838,-0.860749,-1.0326,-1.12468,-1.10894,-1.12523,-1.10014,-1.06904,-1.04709,-1.16999,-1.11135,-1.16428,-0.989809,-1.10625,-1.00277,-1.10839,-1.04803,-1.11671,-1.11694,-0.88361,-1.11034,-1.10096,-1.11246,-1.13015,-1.14404,-0.666943,-1.05952,-1.13541,-0.643704,-1.09444,-1.02129,-0.732074,-0.423709,-0.546389,-0.511886,-0.850249,-1.26326,-1.2069,-1.10965,-1.21996,-1.15468,-1.1099,-1.09546,-1.04249,-1.09579,-1.25661,-1.11471,-1.0921,-1.14869,-1.10387,-1.08135,-1.07701,-1.07712,-0.903296,-1.1223,-1.08018,-0.989942,-0.870917,-0.831597,-1.20737,-1.08791,-1.1037,-1.12142,-1.06763,-1.06347,-1.0648,-0.911793,-0.774512,-1.05169,-1.08651,-1.06664,-1.07788,-1.06374,-1.027,-1.10351,-1.04504,-1.09837,-1.04147,-1.06935,-1.05946,-1.00791,-0.903908,-1.06169,-0.97713,-0.892244,-1.064,-1.06554,-0.807611,-0.554479,-0.983206,-0.422747,-1.06293,-1.03643,-0.439916,-1.10257,-1.18534,-1.1012,-1.09058,-1.0797,-1.06541,-0.943393,-0.995706,-1.03177,-1.00562,-0.933666,-0.884411,-0.824113,-1.09826,-1.15175,-1.042,-1.09132,-1.14134,-1.0911,-1.09057,-1.15575,-1.13641,-1.07007,-1.05936,-1.24325,-1.18219,-1.12807,-1.08834,-1.06695,-0.823357,-0.989807,-0.948668,-1.06353,-0.678961,-0.950419,-0.831902,-1.06762,-0.5927,-0.554618,-0.583336,-0.62663,-0.218875,-0.366134,-1.14198,-1.12016,-1.14554,-1.15851,-1.06586,-1.06645,-1.07697,-1.08176,-1.10164
-1.80195,-1.3102,-1.2857,-1.31381,-1.52546,-1.47158,-1.43053,-1.18388,-1.21481,-1.10514,284.75,-0.149677,-1.50829,-2.27146,-0.916349,-1.95434,-0.223122,-1.70011,-0.198019,-2.11196,-1.88446,-2.54946,-1.65137,-1.3355,-1.13051,-0.325235,-1.20742,-0.455177,-0.535307,-0.654391,-0.125789,-0.226987,-1.41487,-1.2192,-1.24232,-1.30724,-0.297195,-0.401162,-1.45519,-0.388616,-1.86133,-1.18635,-1.26817,-1.2059,-1.16262,-1.42842,-0.39926,-0.524342,-1.4894,-1.31038,-1.30477,-0.481999,-1.29912,-1.48674,-0.310508,-1.87432,-1.6061,-1.10371,-1.759,-2.81005,-1.90738,-2.06012,-0.335478,-1.6875,-3.12778,-1.18967,-0.916076,-1.22236,-0.549574,-0.483046,-1.68503,-2.48251,-0.445679,-0.54078,-0.0660306,-9.79392,-0.520881,-3.457,-1.01465,-2.03041,-0.0204704,-0.252727,-1.48721,-0.317033,-1.29706,-0.331323,-0.334383,-0.340475,-1.22159,-1.99618,-1.24567,-1.23518,-1.33795,-1.19828,-1.31243,-1.38457,-1.17697,-1.36148,-1.27629,-0.405499,-0.226609,-0.727876,-0.378563,-0.211422,-0.391313,-1.98513,-1.11802,-0.845943,-0.329459,-0.284175,-0.355453,-0.390396,-0.406606,-0.54084,-1.55761,-1.25446,-2.82657,-0.236122,-1.40702,-3.61328,-2.89821,-2.71691,-0.30692,-0.531287,-1.11539,-0.689323,-1.80597,-1.32404,-1.47827,-1.37415,-1.82775,-1.62032,-1.46575,-2.44205,-1.28113,-1.48481,-1.18831,-1.77417,-1.73562,-0.605054,-2.53671,-1.58455,-1.99062,-1.19082,-1.31088,-1.22083,-1.92687,-1.35648,-1.32651,-1.21186,-1.43847,-1.61858,-1.20246,-1.4371,-1.23726,-1.27158,-1.30128,-0.618805,-0.303257,-1.0122,-1.45395,-1.33245,-1.62954,-12.6642,-1.80043,-4.57849,-1.89225,-1.81625,-1.53288,-1.99456,-0.271687,-0.279988,-2.3635,-0.432724,-0.269656,-1.24912,-0.514907,-0.198067,-0.239558,-1.45412,-2.15432,-0.389096,-0.186407,-0.523924,-0.812157,-1.94246,-2.28245,-1.21275,-10.1674,-1.25701,-1.85369,-1.19549,-1.18312,-1.81511,-1.61763,-1.5905,-1.30732,-1.23865,-1.18733,-1.2124,-0.498636,-0.278978,-0.300748,-0.291032,-2.39468,-2.11571,-1.53358,-1.81352,-1.17119
-0.790957,-1.29998,-1.46324,-1.29862,-1.77798,-1.26801,-1.30733,-1.38787,-1.12511,-1.13334,-0.149677,293.32,-1.67069,-1.66149,-0.437283,-1.32083,-0.386489,-0.412351,-0.69335,-1.47809,-0.857275,-1.0953,-0.882863,-2.04596,-0.86347,-0.429473,-1.12079,-0.138751,-1.77162,-0.89846,-1.07897,-0.298718,-2.64496,-2.79463,-1.49912,-1.44296,-0.517556,-0.382587,-3.15338,-0.329604,-1.87272,-1.89133,-2.19174,-1.78401,-2.28528,-2.91036,-0.743663,-1.17464,-2.7577,-3.90985,-2.45984,-0.473465,-2.21242,-2.05364,-0.218268,-1.37386,-1.77659,-6.69411,-2.09098,-1.14178,-2.18215,-1.13349,-0.545056,-1.82933,-1.52959,-1.85435,-0.360891,-0.278671,-0.179831,-0.939894,-1.79469,-1.76144,-0.264671,-0.115494,-0.244486,-2.22882,-0.59316,-1.2921,-0.40636,-1.32388,-0.510831,-1.03205,-2.13701,-0.610512,-0.176677,-4.84869,-1.35566,-0.717019,-1.46191,-1.79315,-1.31487,-1.46059,-0.4392,-1.84093,-1.65433,-1.33323,-1.38831,-1.44434,-1.92376,-0.746444,-0.339364,-2.22373,-0.448035,-1.33721,-0.516218,-0.37116,-10.3318,-0.507663,-0.579435,-1.1374,-0.414978,-0.51321,-1.3324,-0.620367,-1.56848,-1.64759,-1.3708,-1.82106,-1.57666,-1.34222,-1.40018,-1.63623,-0.932193,-0.433364,-0.304135,-0.400326,-1.65819,-3.96506,-1.45217,-2.34411,-1.58247,-2.86038,-1.55804,-1.28723,-1.64287,-1.44898,-1.87513,-0.1392,-2.75164,-0.697567,-1.78365,-2.00044,-1.80571,-1.88013,-2.21369,-1.74484,-1.37722,-2.25658,-1.61087,-5.01894,-1.87437,-1.27598,-1.36793,-1.30334,-1.43976,-1.31601,-1.36786,-0.659458,-0.328022,-0.213661,-0.838459,-1.99871,-1.96585,-1.94107,-1.38994,-1.22929,-2.31556,-1.29984,-1.30559,-1.78032,-0.519264,-0.23678,-1.88679,-0.199563,-0.406501,-1.60188,-0.189878,-1.34844,-0.674773,-2.81328,-1.6144,-0.42054,-0.931144,-0.518154,-3.16803,-1.48616,-1.65777,-2.88851,-2.26495,-1.48553,-1.3157,-1.37817,-1.41089,-1.6393,-1.26756,-1.30598,-1.4469,-1.46904,-1.18656,-1.12626,-0.158042,-0.891652,-0.431493,-0.187225,-1.36059,-1.57893,-1.6274,-1.39909,-0.180963
-1.55649,-1.20418,-1.07735,-1.20492,-0.949714,-1.21288,-1.07942,-1.06491,-1.09473,-1.07728,-1.50829,-1.67069,334.073,-0.966727,-1.22633,-1.22591,-3.36676,-1.54009,-3.04715,-1.23066,-1.10045,-1.10348,-1.29181,-1.20098,-4.39113,-1.33634,-1.78049,-1.34598,-1.54333,-1.20932,-1.96365,-3.5562,-1.22614,-0.811996,-1.16012,-1.20347,-1.35549,-1.83833,-0.0436387,-1.34015,-0.975986,-1.01113,-0.956452,-1.06842,-0.893736,-0.743383,-2.51749,-2.22754,-1.12838,-0.875417,-1.65516,-1.59372,-0.958656,-1.52444,-6.62524,-1.22427,-2.21111,-0.821019,-1.71888,-1.06363,-0.778314,-1.3337,-2.44581,-0.124225,-1.05961,-1.02826,-1.34263,-1.40884,-2.15507,-1.74784,-0.14869,-0.773904,-1.94823,-1.5204,-7.93901,-1.65934,-1.84935,-1.01183,-1.30316,-1.16781,-1.75673,-1.67488,-0.942568,-1.63851,-1.56472,-1.51857,-2.25809,-3.91889,-1.07918,-0.1024,-1.17967,-1.07418,-1.62651,-1.0426,-1.04595,-1.0716,-1.06901,-1.08091,-0.960942,-2.4618,-3.07898,-1.41903,-3.3203,-1.55933,-1.67238,-1.49084,-0.617119,-1.38385,-2.33956,-1.65741,-1.31806,-7.06129,-1.6773,-1.25512,-0.685889,-1.13844,-1.11798,-1.6552,-1.16781,-0.969825,-1.09199,-1.0294,-1.51479,-1.29303,-1.43763,-2.45328,-0.131054,-0.0412825,-1.25487,-0.975767,-0.959526,-0.451987,-13.2417,-0.725959,-1.16896,-1.25591,-1.02005,-1.55261,-0.0409732,-1.84953,-0.0270531,-0.101592,-0.0812419,-1.01862,-0.955305,-1.09439,-1.2526,-0.960903,-1.20654,-0.027259,-0.959718,-1.16034,-1.15415,-1.08086,-1.16568,-1.19303,-1.06171,-1.46997,-2.93072,-1.65126,-1.58907,-0.152894,-9.61294,-1.14848,-1.26591,-0.764247,-0.565098,-1.19063,-1.22909,-0.95009,-1.3494,-11.9472,-0.0741017,-1.32206,-2.63504,-1.14215,-1.33625,-1.59429,-2.25513,-0.762799,-0.101558,-2.21295,-1.80732,-6.23815,-1.01853,-0.0955097,-0.967558,-0.782546,-1.31985,-1.16628,-1.14274,-1.14698,-1.1241,-0.12331,-1.13911,-1.11032,-1.06879,-1.078,-1.05243,-1.09784,-3.55438,-1.66825,-2.81317,-8.28019,-0.772282,-0.926433,-1.13185,-2.29033,-1.61125
-1.53703,-0.575779,-0.825036,-0.576982,-0.651243,-0.657386,-1.16154,-0.760175,-0.898669,-0.823265,-2.27146,-1.66149,-0.966727,250.908,-3.00552,-0.286712,-1.39179,-1.72704,-1.48114,-2.16244,-1.38642,-1.44257,-1.29445,-1.40301,-1.34599,-3.34222,-1.5069,-2.92058,-1.54803,-1.85752,-1.52076,-1.53762,-0.566582,-0.549324,-0.259207,-0.260859,-2.95083,-1.91011,-1.06392,-2.16752,-1.13631,-0.140593,-0.175883,-0.134652,-0.433462,-1.09682,-1.4032,-1.40991,-1.13649,-1.11305,-1.04952,-3.07227,-0.2825,-1.05054,-1.40821,-0.468462,-1.05515,-1.07484,-1.1774,-1.1807,-1.40611,-1.08696,-1.34673,-1.02564,-0.505165,-0.138314,-2.4453,-2.74971,-1.61011,-1.83569,-1.02131,-1.10704,-1.67247,-2.14395,-1.54606,-0.815353,-1.74966,-0.674278,-3.23278,-0.499368,-2.05234,-1.68643,-0.409098,-2.71798,-1.96749,-1.60224,-1.45753,-1.36351,-0.710656,-1.09363,-0.558456,-0.740503,-1.93951,-0.00439268,-0.560768,-1.1294,-0.741615,-0.966647,-0.360844,-1.4046,-1.40958,-1.28834,-1.46262,-1.71252,-2.85896,-1.88353,-0.984041,-4.39139,-1.3417,-1.7189,-2.12217,-1.34024,-1.75523,-2.19475,-0.968329,-0.131506,-0.245577,-1.6105,-0.3748,-0.561275,-0.010534,-0.025667,-1.46327,-3.91387,-2.89831,-1.55341,-1.03093,-1.042,-0.136926,-0.205541,-1.70513,-1.26562,-0.994719,-1.13038,-0.13196,-0.137253,-0.139334,-1.99779,-1.21481,-1.88658,-1.26836,-1.01823,-1.09417,-0.00624356,-0.00584989,-0.133243,-0.00368313,-0.00275908,-0.00162939,-1.01714,-0.51257,-0.888964,-0.561844,-1.16198,-0.361648,-0.564811,-0.997457,-3.86929,-1.5424,-1.9824,-1.32688,-0.949819,-0.915945,-0.780262,-0.00854892,-1.11909,-1.47616,-0.298919,-0.449913,-0.0495209,-3.00232,-1.39536,-1.26202,-2.28014,-1.50589,-0.195839,-2.31887,-1.73472,-1.4927,-1.10153,-1.09346,-1.38481,-1.53343,-1.51149,-1.32325,-1.03332,-0.468153,-0.40443,-0.751097,-0.234261,-0.73143,-0.565223,-0.585043,-1.03077,-0.943039,-1.123,-0.882268,-0.730484,-1.04768,-0.883918,-1.5407,-1.70277,-1.49586,-1.3865,-1.14063,-1.14105,-0.968784,-1.07453,-1.96178
-1.171,-1.3467,-1.32188,-1.35301,-1.62443,-1.6758,-1.70972,-1.18384,-1.32036,-1.1124,-0.916349,-0.437283,-1.22633,-3.00552,260.881,-2.18839,-0.244011,-1.0878,-0.252345,-1.42647,-1.26344,-1.41118,-1.23873,-1.10517,-0.979689,-0.351253,-1.00394,-0.730748,-0.693876,-0.777257,-0.330582,-0.480643,-1.2283,-1.11247,-1.20118,-1.28398,-0.314152,-0.689341,-1.19009,-0.710457,-1.32116,-1.11843,-1.20465,-1.13506,-1.07807,-1.1646,-0.0810407,-0.695467,-1.1808,-1.10689,-1.0999,-0.381954,-1.23564,-1.18997,-0.623089,-1.70829,-1.24023,-1.00332,-1.27293,-1.61591,-1.35801,-1.44968,-0.114471,-1.28609,-9.21296,-1.12076,-0.64556,-0.826829,-0.830347,-0.705652,-1.28647,-1.53347,-0.408628,-0.921738,-0.420951,-2.79191,-0.723565,-3.35714,-0.60006,-1.87263,-0.459958,-0.558892,-1.46056,-0.364569,-0.978726,-0.577885,-0.573482,-0.580746,-1.21322,-1.38322,-1.24214,-1.23678,-0.990779,-1.13254,-1.31923,-1.58587,-1.17104,-1.46219,-1.25355,-0.0478451,-0.293732,-0.789221,-0.227426,-0.241503,-0.387358,-1.09703,-1.04725,-0.397113,-0.122372,-0.569236,-0.667525,-0.627212,-0.651038,-0.788508,-1.25195,-1.18541,-5.92966,-0.534009,-1.2955,-3.35286,-8.78928,-4.40589,-0.151963,-0.511865,-0.763852,-0.851942,-1.33318,-1.13368,-1.44074,-1.30766,-2.28865,-1.26067,-1.19635,-1.51281,-1.20944,-1.44889,-1.1197,-0.991469,-1.314,-0.776947,-1.53202,-1.24471,-1.3812,-1.12679,-1.25674,-1.14914,-2.10716,-1.30386,-1.26154,-1.08105,-1.47285,-2.16138,-1.1776,-1.72875,-1.2037,-1.28239,-1.39891,-0.254431,-0.355802,-0.92185,-1.15507,-1.14126,-1.29435,-3.93958,-1.89465,-2.15173,-1.50242,-2.17481,-1.71696,-2.29989,-0.349167,-0.588838,-1.49306,-0.719973,-0.526696,-1.18102,-0.773807,-0.223109,-0.529636,-1.17516,-1.43435,-0.134256,-0.21248,-0.729235,-0.863592,-1.3893,-3.0398,-1.14193,-3.24997,-1.21837,-2.90196,-1.16775,-1.15145,-1.3373,-2.19149,-2.09667,-1.36307,-1.24011,-1.26059,-1.31016,-0.702053,-0.542222,-0.521798,-0.554126,-1.48832,-1.4014,-1.23876,-1.32333,-0.959438
-1.48548,-1.0225,-0.600194,-1.03076,-0.460172,-1.27616,-0.792136,-0.681622,-1.09373,-0.99851,-1.95434,-1.32083,-1.22591,-0.286712,-2.18839,251.422,-2.17699,-1.67717,-1.71632,-1.39153,-1.53077,-1.52177,-1.66528,-1.27445,-1.52462,-1.40605,-1.33146,-1.5689,-1.26197,-1.22554,-1.43804,-2.61341,-0.744424,-0.643707,-0.502616,-0.611303,-1.35988,-1.46846,-1.02098,-1.36824,-1.12087,-0.111713,-0.100152,-0.123768,-0.387904,-1.0125,-1.98388,-1.36258,-1.01777,-0.962285,-1.04284,-1.53271,-0.0334713,-1.10407,-1.99496,-1.15208,-1.15872,-0.896882,-1.0859,-1.37468,-0.963736,-1.44524,-2.18741,-1.18401,-0.166323,-0.116609,-2.51263,-2.01235,-2.16149,-1.4353,-1.19272,-1.23216,-3.54176,-2.09784,-1.79907,-0.593229,-1.40654,-0.955607,-2.05564,-1.30706,-1.41989,-1.33545,-0.0338544,-1.49021,-1.79935,-1.31084,-1.43829,-1.61398,-0.557476,-1.17267,-0.826672,-0.554505,-1.74489,-0.269652,-0.396629,-0.749489,-0.68562,-0.618484,-0.439616,-1.94611,-2.71286,-1.19097,-2.82125,-1.32077,-1.54848,-1.89731,-0.879252,-1.66848,-2.0246,-1.3314,-1.32096,-1.89309,-1.38132,-1.37712,-1.26177,-0.145902,-0.285782,-1.32059,-0.696788,-1.00664,-0.546348,-0.325132,-1.35416,-1.48219,-1.90522,-2.14228,-1.22926,-0.984512,-0.266814,-0.100892,-0.516385,-0.950436,-1.21853,-1.30013,-0.153904,-0.271706,-0.113374,-1.81354,-0.987828,-1.52245,-1.08041,-1.14767,-1.16987,-0.258887,-0.228711,-0.13013,-5.35026,-0.22954,-0.39214,-0.951086,-0.450496,-1.01407,-0.753154,-0.799891,-0.56466,-0.932089,-0.701529,-1.52041,-3.06943,-1.73041,-1.64729,-1.13257,-1.31838,-0.72197,-1.92633,-1.55709,-0.942304,-4.22086,-1.40751,-0.263039,-1.38052,-1.85559,-1.06468,-1.36739,-1.45293,-0.0492123,-1.41448,-1.33113,-1.41845,-1.01862,-1.21906,-3.56521,-1.41111,-1.88722,-1.18184,-1.28867,-0.287698,-0.431983,-0.705548,-0.754526,-0.914336,-0.730322,-0.67074,-1.23457,-0.888926,-0.743863,-0.560416,-0.565297,-0.835403,-1.08776,-2.09889,-1.31965,-1.46682,-1.79094,-1.26122,-1.18652,-1.24037,-1.27718,-1.78859
-1.14851,-1.63814,-1.29324,-1.6378,-1.31836,-1.56316,-1.22413,-1.28101,-1.21833,-1.21693,-0.223122,-0.386489,-3.36676,-1.39179,-0.244011,-2.17699,304.195,-0.767452,-0.252417,-1.02212,-1.32627,-1.33851,-1.53089,-1.41645,-1.66082,-0.0253167,-1.21523,-0.181347,-0.845665,-0.666104,-0.321457,-0.478046,-5.60152,-3.15357,-1.99582,-2.10784,-0.0192247,-0.514357,-2.13276,-0.425588,-2.11229,-1.97793,-1.62322,-2.25408,-2.51774,-2.11956,-1.01509,-1.147,-2.07131,-1.98109,-2.66463,-0.103864,-1.56842,-2.62311,-1.19571,-3.41126,-2.65261,-1.8526,-2.10168,-1.82828,-1.43977,-2.23227,-0.894949,-2.65785,-1.52428,-2.06043,-0.153152,-0.0451355,-0.621405,-0.625223,-2.69802,-2.08563,-0.0676789,-0.20833,-0.570868,-2.33751,-0.677231,-1.8957,-0.174431,-2.86503,-0.250362,-0.539061,-1.43276,-0.0924011,-0.47158,-0.646149,-0.898415,-1.42217,-1.33423,-2.18669,-1.62259,-1.31567,-0.585811,-2.09796,-1.37489,-1.21824,-1.29401,-1.27147,-1.43066,-0.909288,-0.365627,-1.41002,-0.811322,-0.202609,-0.0909221,-0.572457,-1.65467,-0.190414,-0.873776,-0.555396,-0.446371,-2.03032,-0.632926,-0.500519,-3.30822,-2.62865,-1.7121,-0.556904,-6.1649,-1.96521,-1.63652,-1.46886,-0.355186,-0.202397,-0.112627,-0.819694,-2.5947,-2.09539,-2.95359,-1.57949,-1.29746,-1.54898,-3.38585,-1.98941,-2.75346,-2.9458,-2.01883,-0.448559,-1.63871,-0.627377,-1.59936,-2.69843,-2.18423,-1.98965,-1.57275,-2.38153,-2.32794,-1.55187,-2.8744,-2.04209,-1.35606,-1.38358,-1.56381,-1.22573,-1.84462,-1.63312,-1.22212,-0.167816,-0.198274,-0.481011,-1.47675,-3.45583,-4.25447,-1.87288,-2.4831,-1.70315,-1.31583,-1.93728,-1.78123,-1.37909,-0.076811,-1.36519,-1.6104,-0.399115,-0.744945,-2.62068,-0.398999,-0.00451243,-0.721662,-2.11754,-2.16238,-0.432513,-0.0202091,-1.04783,-1.30054,-2.49569,-1.3927,-1.73996,-2.03881,-2.35243,-1.44124,-1.54613,-1.48295,-2.59098,-1.34684,-1.28849,-1.27163,-1.32459,-1.13233,-1.2286,-0.781505,-0.513625,-0.786033,-1.4719,-1.99632,-2.07537,-3.32569,-2.58322,-0.481906
-2.05076,-1.27246,-1.22079,-1.27503,-1.36435,-1.376,-1.30788,-1.15677,-1.16952,-1.09799,-1.70011,-0.412351,-1.54009,-1.72704,-1.0878,-1.67717,-0.767452,314.565,-0.759372,-2.2233,-2.79128,-9.62781,-2.14121,-1.5359,-0.700849,-0.872771,-0.714844,-0.974812,-0.065288,-0.12149,-0.595727,-1.15443,-1.39982,-1.15423,-1.21737,-1.27422,-0.803237,-0.618121,-1.40466,-0.498544,-2.02607,-1.13005,-1.17903,-1.15648,-1.07045,-1.28335,-0.8687,-0.301192,-1.34069,-1.09695,-1.14268,-1.16541,-1.1927,-1.40996,-0.505279,-1.70277,-1.60444,-0.877523,-1.79716,-3.60791,-1.62051,-2.08714,-0.795663,-1.85342,-2.06562,-1.13618,-1.17554,-1.32781,-1.02263,-0.840528,-1.84877,-4.05733,-1.15538,-1.53338,-0.770699,-18.5771,-0.295051,-2.35338,-1.19227,-1.78658,-0.728522,-0.370791,-1.30886,-1.07065,-2.41697,-0.531933,-0.567359,-0.596263,-1.17222,-2.48541,-1.21392,-1.17943,-4.20432,-1.16139,-1.22958,-1.28013,-1.15349,-1.26771,-1.21553,-0.849798,-0.872087,-0.326739,-1.02232,-0.639889,-1.21921,-3.15954,-1.08634,-1.28189,-0.777169,-0.44722,-0.516801,-0.733391,-0.688751,-0.80595,-1.61368,-1.20686,-2.01954,-0.33788,-1.3371,-2.52114,-2.03812,-1.94212,-0.663784,-1.02399,-1.4519,-1.53789,-2.07721,-1.21987,-1.39854,-1.26099,-1.51891,-1.38175,-1.37643,-3.37011,-1.23368,-1.40355,-1.13342,-1.74312,-1.65973,-1.16672,-3.04838,-1.66796,-2.46801,-1.15056,-1.2249,-1.17303,-1.71818,-1.25902,-1.29353,-1.0768,-1.31973,-1.43626,-1.18683,-1.31193,-1.20908,-1.24375,-1.22901,-1.1734,-1.14661,-2.45997,-1.72964,-1.28071,-1.93724,-4.4846,-1.64417,-4.45385,-1.69654,-1.62754,-1.43154,-1.60393,-0.846634,-0.455954,-2.69561,-0.453373,-0.333707,-1.19421,-0.518446,-0.623916,-0.351869,-1.3193,-2.91473,-0.897586,-0.609045,-1.15337,-0.628883,-2.33071,-1.73173,-1.13783,-5.75869,-1.25164,-1.56451,-1.18028,-1.16622,-2.09635,-1.41613,-1.39087,-1.22242,-1.1859,-1.13829,-1.167,-0.697783,-0.320379,-0.339978,-0.372364,-3.39565,-2.64623,-1.579,-1.90542,-2.86034
-1.17176,-1.51207,-1.39794,-1.50998,-1.49087,-1.42284,-1.24991,-1.3672,-1.17571,-1.19486,-0.198019,-0.69335,-3.04715,-1.48114,-0.252345,-1.71632,-0.252417,-0.759372,339.593,-1.08019,-1.23476,-1.26509,-1.29451,-1.735,-1.61552,-0.0960268,-1.46034,-0.235182,-1.34554,-0.899182,-0.535355,-0.236761,-18.9677,-7.47022,-1.92494,-1.89073,-0.100346,-0.620659,-3.13396,-0.505536,-2.37038,-2.37258,-2.05903,-2.50307,-3.81974,-3.138,-0.96327,-1.96242,-2.95983,-3.2949,-4.38927,-0.18789,-1.98705,-3.24491,-0.822222,-2.13597,-2.82583,-3.69593,-2.55525,-1.61577,-1.79891,-1.78471,-0.475715,-2.75093,-1.51107,-2.42036,-0.17013,-0.119138,-0.51171,-0.735391,-2.73981,-2.07872,-0.145402,-0.196124,-0.741459,-2.32512,-0.880539,-1.60191,-0.196273,-1.95259,-0.311934,-0.816381,-1.74215,-0.0423738,-0.452183,-0.956059,-1.66339,-2.22261,-1.45099,-2.2894,-1.54116,-1.43219,-0.534742,-2.40862,-1.55118,-1.26242,-1.37899,-1.35977,-1.70037,-0.999916,-0.0204054,-2.75123,-0.390037,-0.337119,-0.110598,-0.49325,-2.75981,-0.191846,-0.642445,-0.827826,-0.55479,-1.24756,-0.80898,-0.542386,-2.78751,-2.51198,-1.53348,-0.910224,-3.08571,-1.64489,-1.50169,-1.51412,-0.573971,-0.229408,-0.115721,-0.616983,-2.4735,-3.469,-2.17333,-1.99717,-1.38641,-2.05786,-2.98685,-1.7988,-2.53832,-2.16378,-2.39909,-0.451281,-2.10409,-0.674296,-1.7705,-3.04857,-2.29669,-2.34679,-1.96531,-2.53573,-1.79272,-1.93229,-2.46381,-3.78039,-1.56755,-1.32122,-1.55343,-1.24851,-1.78276,-1.53198,-1.29138,-0.174586,-0.0166772,-0.474725,-1.27798,-4.28656,-3.58616,-1.86634,-1.86593,-1.45957,-1.56896,-1.5754,-1.54597,-1.52044,-0.0115867,-1.03467,-1.82121,-0.492087,-1.50434,-2.45465,-0.475336,-0.170391,-1.41309,-3.06607,-2.12195,-0.267381,-0.272153,-0.857966,-2.07246,-2.20594,-1.48021,-2.48228,-2.09223,-2.06607,-1.36278,-1.55223,-1.53693,-2.44902,-1.3027,-1.28994,-1.37625,-1.44024,-1.1623,-1.18432,-0.662726,-0.825601,-1.68664,-1.26014,-1.86566,-2.10054,-2.92272,-2.26138,-0.465088
-2.36999,-1.13784,-1.28713,-1.13929,-1.4722,-1.21875,-1.30583,-1.14271,-1.11485,-1.03973,-2.11196,-1.47809,-1.23066,-2.16244,-1.42647,-1.39153,-1.02212,-2.2233,-1.08019,385.102,-1.55757,-1.12042,-1.02798,-1.16645,-1.69967,-3.79121,-2.45008,-5.74491,-1.74246,-3.11492,-1.04269,-1.07587,-1.20047,-1.09346,-1.08538,-1.09809,-2.96399,-2.93502,-1.57783,-4.87313,-2.06309,-1.15666,-1.35244,-1.13082,-1.18553,-1.83718,-1.02452,-1.32403,-2.07394,-1.89543,-1.67717,-9.29064,-1.45316,-1.65313,-1.09215,-1.32283,-1.66461,-1.65389,-2.33616,-1.98762,-4.4798,-1.67033,-0.949865,-1.4374,-2.26673,-1.14503,-1.44015,-2.11192,-1.33029,-1.93427,-1.41951,-1.58586,-1.22324,-1.82481,-1.31718,-4.59629,-2.40026,-1.79109,-1.72919,-1.37811,-2.39999,-1.60823,-1.76841,-4.73274,-2.2137,-1.08982,-0.938777,-0.827693,-1.25204,-1.71689,-1.14219,-1.27014,-1.95744,-1.0835,-1.35477,-1.29507,-1.13325,-1.35266,-1.19996,-1.05873,-0.958088,-1.41718,-1.0934,-1.24414,-9.48438,-1.46155,-0.860317,-2.94317,-0.949413,-1.70173,-3.42471,-0.810851,-1.52727,-4.6452,-1.22755,-1.11826,-1.71418,-1.4064,-1.1083,-1.66759,-1.70858,-2.28067,-0.973582,-3.77735,-2.40976,-1.01121,-1.44057,-1.45838,-1.17285,-1.52646,-1.63357,-2.82717,-1.424,-1.84397,-1.12975,-1.17491,-1.15148,-2.37462,-2.42521,-2.35735,-2.97638,-1.41746,-1.7218,-1.09367,-1.34542,-1.12687,-1.26629,-1.41536,-1.08181,-1.33794,-1.39359,-1.35001,-1.11108,-1.30641,-1.11504,-1.12346,-1.25084,-3.93336,-1.08689,-2.57454,-1.12558,-1.18792,-0.867949,-3.94046,-1.22223,-1.07905,-3.107,-1.12785,-1.18187,-2.08801,-3.0394,-1.089,-2.9521,-7.48088,-1.39666,-1.13809,-15.1043,-1.31075,-1.24009,-1.86468,-1.67957,-0.950042,-1.12687,-1.04402,-1.14028,-1.41734,-2.16348,-1.15116,-5.85174,-0.952692,-1.41617,-1.113,-1.12739,-1.43699,-1.40024,-1.45033,-1.34674,-1.26021,-1.17465,-1.11987,-1.4577,-1.76078,-1.43185,-1.17478,-1.93353,-2.03223,-1.23406,-1.72477,-2.27377
