330.27,-1.24008,-1.19288,-1.24262,-1.31789,-1.32518,-1.26806,-1.14054,-1.14743,-1.08896,-1.87425,-0.630749,-1.27414,-1.6053,-1.18102,-1.53439,-0.964745,-1.9528,-1.04504,-2.73325,-2.65861,-12.3492,-1.92563,-1.72883,-0.293297,-1.05329,-0.327694,-1.19471,-0.368109,-0.391632,-0.781492,-1.65811,-1.48495,-1.11507,-1.18336,-1.24454,-0.978099,-1.31714,-1.1835,-0.877703,-2.04813,-1.07782,-1.14112,-1.1305,-1.00257,-0.96348,-1.11638,-0.520704,-1.01182,-0.762064,-0.83596,-1.74983,-1.18017,-1.11922,-0.916424,-1.65121,-1.34406,-0.607914,-1.6016,-2.38394,-1.09122,-1.49324,-0.927631,-1.77185,-2.16319,-1.09204,-1.24085,-1.49101,-1.5208,-1.35487,-1.76238,-7.29827,-1.36528,-1.58311,-1.2603,-14.0353,-0.900202,-2.01761,-1.32184,-1.66354,-1.15621,-0.675354,-1.23539,-1.6194,-2.26437,-0.729049,-0.821525,-0.83313,-1.14318,-3.17081,-1.18239,-1.14935,-4.62929,-1.13462,-1.19447,-1.24521,-1.13786,-1.23354,-1.20144,-1.08903,-1.07744,-0.123431,-1.40932,-0.759068,-1.87434,-2.33273,-1.05677,-1.66445,-0.894585,-0.738688,-0.817948,-1.00846,-1.04819,-1.08727,-1.33227,-1.15984,-1.79788,-0.594585,-1.27448,-2.11905,-1.90416,-2.22001,-0.761102,-1.17681,-1.74867,-2.01966,-2.0226,-0.975066,-1.33507,-1.36127,-1.44504,-0.996037,-1.01271,-3.13093,-1.25868,-1.33854,-1.0853,-1.90616,-1.36473,-2.03433,-2.44783,-1.52352,-3.13374,-1.11396,-1.21143,-1.16132,-1.62286,-1.29137,-1.34419,-0.838566,-1.36389,-1.36818,-1.16489,-1.27194,-1.17463,-1.21564,-1.20213,-1.7128,-1.55111,-3.34356,-1.76708,-1.03937,-2.11832,-5.52466,-1.57628,-3.19109,-1.63084,-1.53859,-1.37271,-1.51215,-1.03395,-0.853024,-2.17749,-0.826022,-0.666021,-1.13779,-0.937079,-0.75232,-0.64857,-1.00326,-4.45768,-1.03911,-0.752431,-1.83348,-0.5879,-2.26993,-1.60952,-1.14263,-7.46,-1.22586,-1.46647,-1.1588,-1.14498,-2.03433,-1.34238,-1.32304,-1.18795,-1.15717,-1.11885,-1.14388,-1.36011,-0.621028,-0.664793,-0.728291,-4.38848,-3.62748,-1.3084,-1.5411,-2.70234
-1.24008,216.155,-0.00118387,-0.230961,-0.518253,-0.00380625,-0.177286,-0.196766,-0.740038,-0.978952,-1.31452,-1.29313,-1.2205,-0.581671,-1.34682,-1.01083,-1.67015,-1.27283,-1.51762,-1.15467,-1.23225,-1.19511,-1.26742,-1.1749,-1.30653,-1.21265,-1.23067,-1.23238,-1.24786,-1.18194,-1.39374,-1.52615,-1.09648,-1.07642,-0.811116,-1.03405,-1.21535,-1.26973,-1.12701,-1.20375,-1.15309,-0.812164,-0.663704,-0.912217,-1.0307,-1.14225,-1.7201,-1.30107,-1.14623,-1.13876,-1.1914,-1.2916,-0.664558,-1.18696,-1.46289,-1.15696,-1.19612,-1.13653,-1.15879,-1.18661,-1.07797,-1.23137,-1.80382,-1.18104,-0.676802,-0.843468,-1.39379,-1.32098,-1.39539,-1.25857,-1.18472,-1.13078,-1.5755,-1.33892,-1.45311,-0.954365,-1.26414,-1.00731,-1.32257,-1.14122,-1.28622,-1.272,-0.613324,-1.28947,-1.29199,-1.26001,-1.33489,-1.41365,-0.160949,-1.14785,-0.82397,-0.155571,-1.28151,-0.831948,-0.266453,-0.173011,-0.20252,-0.000792083,-0.560316,-1.72099,-1.69192,-1.25082,-1.67507,-1.31759,-1.29904,-1.29437,-1.06608,-1.27779,-1.78251,-1.26795,-1.19934,-1.45958,-1.25929,-1.19028,-1.22513,-1.05575,-0.755707,-1.27869,-1.19761,-0.983311,-0.700161,-0.629097,-1.44927,-1.21115,-1.30844,-1.39008,-1.18691,-1.12426,-1.19509,-0.653343,-0.522995,-1.07891,-1.23751,-1.1767,-1.05567,-1.19433,-0.826959,-1.29644,-1.07506,-1.26859,-1.08194,-1.17738,-1.14712,-0.792916,-0.62123,-0.953479,-0.972635,-0.616086,-1.06317,-1.12262,-0.537331,-0.00113475,-0.00630002,-0.178378,-0.689035,-0.0138976,-0.172742,-1.28742,-1.60016,-1.28876,-1.27834,-1.20999,-1.19153,-0.888237,-1.02737,-1.1258,-1.00713,-0.939273,-0.653796,-0.569909,-1.21347,-1.45433,-1.08015,-1.20266,-1.35564,-1.10175,-1.21007,-1.3215,-1.34033,-1.14221,-1.15407,-1.87007,-1.41874,-1.38371,-1.19972,-1.19153,-0.582301,-0.86237,-0.894016,-1.17904,-0.287267,-0.00220629,-0.00660459,-1.18751,-0.181292,-0.156119,-0.143662,-0.10416,-0.432363,-0.778614,-1.42456,-1.27331,-1.3667,-1.46441,-1.16869,-1.16139,-1.22177,-1.2171,-1.29416
-1.19288,-0.00118387,216.59,-0.00115648,-1.13794,-0.00238669,-0.321837,-0.769065,-0.441703,-0.543603,-1.28244,-1.49401,-1.06949,-0.818936,-1.3248,-0.603818,-1.28579,-1.21679,-1.39787,-1.28742,-1.14074,-1.15075,-1.11454,-1.23017,-1.18134,-1.60151,-1.24146,-1.40059,-1.36634,-1.40303,-1.46953,-1.24416,-0.993019,-1.03332,-0.4069,-0.374,-1.65088,-1.36293,-1.16289,-1.41961,-1.12587,-0.837634,-1.0863,-0.753834,-1.00501,-1.17175,-1.39383,-1.30306,-1.17408,-1.20032,-1.15296,-1.50726,-1.13592,-1.12275,-1.21426,-0.816781,-1.103,-1.23507,-1.14934,-1.06733,-1.2137,-1.05163,-1.30581,-1.09045,-0.730555,-0.807013,-1.267,-1.32422,-1.196,-1.36832,-1.087,-1.08475,-1.20692,-1.25306,-1.32799,-0.943535,-1.3432,-0.843792,-1.35732,-0.812156,-1.47485,-1.42756,-1.19367,-1.52294,-1.25349,-1.43527,-1.35125,-1.27735,-0.662956,-1.10113,-0.15715,-0.940828,-1.26424,-0.762827,-1.13889,-0.413201,-0.64267,-0.00796495,-1.229,-1.40315,-1.23195,-1.28664,-1.28173,-1.65881,-1.49641,-1.22441,-1.23528,-1.49643,-1.32778,-1.42837,-1.44784,-1.21858,-1.39285,-1.40545,-1.06036,-0.67764,-0.633973,-1.43724,-0.830988,-0.823753,-0.628285,-0.758258,-1.63097,-1.52665,-1.35264,-1.19761,-1.07657,-1.17968,-0.601503,-1.07724,-0.868937,-1.21223,-1.07772,-1.0689,-0.675493,-0.600509,-0.822594,-1.2545,-1.18719,-1.33314,-1.13951,-1.10265,-1.1022,-0.798217,-1.09438,-0.728195,-0.563468,-1.09182,-0.632118,-1.19387,-1.17952,-0.00175794,-0.00462849,-0.311917,-0.29996,-0.00280275,-0.825121,-1.58219,-1.24129,-1.27414,-1.13447,-1.09644,-1.05858,-0.907103,-0.563615,-1.0192,-1.20368,-0.516728,-0.217349,-0.905438,-1.62633,-1.23457,-1.14872,-1.42253,-1.35797,-0.683362,-1.39411,-1.65375,-1.36888,-1.1691,-1.08534,-1.21289,-1.54043,-1.24097,-1.29256,-1.06094,-0.816103,-1.12125,-0.919298,-0.574911,-0.250526,-0.00144084,-0.00797195,-1.07532,-0.166374,-0.20158,-1.70857,-0.596922,-0.879809,-0.43391,-1.22368,-1.4406,-1.35306,-1.24758,-1.07995,-1.10242,-1.06602,-1.08018,-1.25843
-1.24262,-0.230961,-0.00115648,216.262,-0.5181,-0.0099661,-0.177812,-0.195819,-0.746865,-0.972911,-1.31868,-1.29146,-1.22156,-0.583119,-1.35359,-1.01922,-1.66946,-1.27599,-1.5156,-1.15628,-1.23516,-1.19775,-1.27049,-1.17565,-1.30825,-1.21376,-1.23192,-1.23511,-1.24727,-1.18236,-1.391,-1.52934,-1.09561,-1.0742,-0.799115,-1.02161,-1.21576,-1.27075,-1.12707,-1.20482,-1.15438,-0.806837,-0.6612,-0.905918,-1.02707,-1.14232,-1.7167,-1.30049,-1.14652,-1.13842,-1.19122,-1.29309,-0.662482,-1.18752,-1.4647,-1.16086,-1.19722,-1.13538,-1.15978,-1.18978,-1.07897,-1.23444,-1.80084,-1.18225,-0.679554,-0.837824,-1.40091,-1.32576,-1.3994,-1.25919,-1.18595,-1.13267,-1.58216,-1.34373,-1.45337,-0.956363,-1.26484,-1.01207,-1.32806,-1.14596,-1.28626,-1.27122,-0.612561,-1.29038,-1.29549,-1.25876,-1.33375,-1.41288,-0.160071,-1.14941,-0.780253,-0.154867,-1.28443,-0.826113,-0.2656,-0.173315,-0.201414,-0.00255726,-0.558533,-1.71732,-1.69413,-1.24976,-1.67709,-1.31462,-1.30039,-1.29823,-1.06471,-1.28072,-1.77831,-1.26731,-1.19998,-1.46044,-1.25925,-1.19147,-1.22648,-1.04893,-0.760648,-1.27739,-1.19748,-0.987935,-0.704371,-0.631041,-1.44358,-1.21324,-1.31256,-1.39353,-1.1885,-1.12385,-1.1973,-0.651773,-0.523991,-1.07947,-1.23859,-1.17945,-1.05015,-1.1968,-0.821459,-1.30007,-1.07575,-1.26991,-1.08364,-1.17819,-1.14866,-0.787518,-0.619227,-0.947063,-0.980511,-0.614453,-1.05869,-1.12178,-0.536715,-0.0035514,-0.0116241,-0.178984,-0.675288,-0.0303408,-0.17268,-1.28889,-1.60414,-1.29174,-1.28112,-1.21007,-1.19249,-0.890437,-1.03503,-1.12941,-1.00804,-0.949439,-0.66953,-0.570776,-1.21407,-1.45533,-1.08165,-1.2039,-1.35472,-1.09468,-1.21171,-1.31866,-1.3391,-1.14238,-1.15604,-1.87421,-1.41494,-1.38554,-1.19904,-1.19364,-0.583769,-0.86,-0.89587,-1.16988,-0.289711,-0.00435689,-0.00984044,-1.18914,-0.18275,-0.156908,-0.143416,-0.103798,-0.432427,-0.786168,-1.42743,-1.27246,-1.3658,-1.46486,-1.17119,-1.16328,-1.22294,-1.21905,-1.2975
-1.31789,-0.518253,-1.13794,-0.5181,234.493,-0.537871,-0.970044,-0.870413,-0.802276,-0.790445,-1.53037,-1.78153,-0.932021,-0.649886,-1.64846,-0.469288,-1.28389,-1.36925,-1.47341,-1.45702,-1.15934,-1.14119,-1.06277,-1.26638,-1.23268,-2.73965,-1.39793,-1.96157,-1.58096,-1.86919,-1.57792,-1.29869,-0.723976,-0.737738,-0.288408,-0.276038,-2.85825,-1.66799,-1.11758,-1.93601,-1.1273,-0.475252,-0.76631,-0.429021,-0.734213,-1.17946,-1.41724,-1.38569,-1.21959,-1.24573,-1.13614,-2.19896,-1.03207,-1.07561,-1.22642,-0.61045,-1.04995,-1.28154,-1.20418,-1.06922,-1.44328,-1.01383,-1.26679,-0.989803,-0.642199,-0.457574,-1.49332,-1.67153,-1.26203,-1.6309,-0.982944,-0.980757,-1.28305,-1.45476,-1.43948,-0.890555,-1.6001,-0.732295,-1.75969,-0.625096,-1.91649,-1.69733,-2.33885,-2.1791,-1.44895,-1.63852,-1.42196,-1.26375,-1.00595,-1.03897,-0.574505,-1.07582,-1.43811,-0.295974,-1.08462,-1.07361,-0.83683,-1.2901,-0.00981079,-1.43384,-1.22181,-1.34958,-1.33406,-1.98811,-2.11765,-1.3515,-1.0994,-2.23431,-1.28176,-1.71829,-2.00297,-1.18804,-1.64585,-1.87676,-0.921626,-0.386447,-0.462327,-1.66522,-0.536288,-0.614118,-0.327145,-0.519756,-1.65404,-2.4599,-1.74352,-1.22999,-0.97197,-1.12749,-0.359598,-1.00974,-0.00572504,-1.35875,-0.984434,-1.03332,-0.39468,-0.359393,-0.466534,-1.46732,-1.24832,-1.56798,-1.17527,-1.00293,-1.04091,-0.309329,-0.59011,-0.416973,-0.248353,-0.678295,-0.256076,-1.13037,-0.0380932,-0.656133,-0.565557,-0.953824,-0.405666,-0.523771,-1.1391,-2.48658,-1.29364,-1.49228,-1.10584,-0.956912,-0.845965,-0.630506,-0.244339,-0.854619,-1.27558,-0.00267851,-0.335738,-0.953355,-2.75732,-1.24996,-1.19169,-1.98523,-1.48959,-0.443947,-1.90307,-2.00326,-1.48438,-1.17847,-1.01491,-1.19166,-1.65952,-1.28728,-1.35083,-0.952793,-0.642625,-0.701687,-0.640988,-0.00400063,-0.442199,-0.578025,-0.632944,-0.970267,-0.748833,-0.917997,-1.35317,-1.02915,-1.11186,-0.801593,-1.30801,-1.74254,-1.48425,-1.27191,-1.05518,-1.09097,-0.928622,-1.04095,-1.45684
-1.32518,-0.00380625,-0.00238669,-0.0099661,-0.537871,218.548,-0.210684,-0.17353,-0.999028,-0.735367,-1.48365,-1.2421,-1.22281,-0.668076,-1.68296,-1.26626,-1.55928,-1.38643,-1.41695,-1.2266,-1.32712,-1.28727,-1.35455,-1.20016,-1.34027,-1.28575,-1.26965,-1.36234,-1.22761,-1.2113,-1.29475,-1.57967,-1.04077,-0.987205,-0.505357,-0.610637,-1.2606,-1.30968,-1.12297,-1.26017,-1.18908,-0.660153,-0.601287,-0.717963,-0.905076,-1.1379,-1.54185,-1.26778,-1.14982,-1.12275,-1.16833,-1.36552,-0.615333,-1.18709,-1.47192,-1.21838,-1.21199,-1.096,-1.18518,-1.28881,-1.12491,-1.31216,-1.59855,-1.20113,-0.815749,-0.677278,-1.71631,-1.53324,-1.51273,-1.2844,-1.2053,-1.18933,-1.76647,-1.53066,-1.429,-1.02811,-1.28917,-1.18918,-1.58581,-1.24638,-1.29694,-1.2487,-0.61094,-1.33993,-1.42531,-1.22145,-1.28355,-1.35195,-0.141944,-1.19181,-0.275424,-0.140768,-1.39058,-0.660616,-0.250306,-0.1942,-0.175089,-0.00182691,-0.52197,-1.53691,-1.65637,-1.20513,-1.65342,-1.23357,-1.36516,-1.43955,-1.02485,-1.42323,-1.55577,-1.25024,-1.24061,-1.4344,-1.26154,-1.25207,-1.23635,-0.806423,-0.99426,-1.23702,-1.10422,-1.15938,-0.909302,-0.732149,-1.27484,-1.32511,-1.49089,-1.4832,-1.21974,-1.1052,-1.05479,-0.619313,-0.591457,-1.10674,-1.23954,-1.26122,-0.829676,-1.06067,-0.66829,-1.43604,-1.10567,-1.31769,-1.14969,-1.18521,-1.19055,-0.638998,-0.574465,-0.7455,-1.18132,-0.580739,-0.841407,-1.09006,-0.538296,-0.002356,-0.0017799,-0.213949,-0.38692,-0.000834,-0.177907,-1.36847,-1.66641,-1.40126,-1.35471,-1.18421,-1.1947,-0.97914,-1.16891,-1.25511,-1.05647,-1.30515,-1.142,-0.629859,-1.26585,-1.43881,-1.14087,-1.26704,-1.30963,-0.836904,-1.2891,-1.24075,-1.28725,-1.14091,-1.21132,-1.83171,-1.29298,-1.41772,-1.17444,-1.24186,-0.669703,-0.796411,-0.967887,-0.820756,-0.448935,-0.0022778,-0.00301649,-1.22142,-0.28387,-0.206531,-0.141792,-0.093899,-0.456209,-1.0302,-1.48932,-1.24848,-1.31949,-1.42971,-1.24618,-1.21723,-1.22807,-1.25872,-1.42013
-1.26806,-0.177286,-0.321837,-0.177812,-0.970044,-0.210684,214.631,-0.0035007,-0.51567,-0.422525,-1.43459,-1.28981,-1.06982,-1.1524,-1.72492,-0.803943,-1.20324,-1.31532,-1.24054,-1.28438,-1.21934,-1.21168,-1.17613,-1.19231,-1.20432,-1.59198,-1.25247,-1.5372,-1.25489,-1.3508,-1.23924,-1.26161,-0.946171,-0.930129,-0.417629,-0.420462,-1.55398,-1.33674,-1.11659,-1.40611,-1.15279,-0.693052,-0.810193,-0.673589,-0.883775,-1.13526,-1.23128,-1.20691,-1.15275,-1.14287,-1.11529,-1.51223,-0.870643,-1.11303,-1.20677,-0.921798,-1.11581,-1.13181,-1.16747,-1.1795,-1.24453,-1.14095,-1.18491,-1.09885,-1.06616,-0.685013,-1.56584,-1.54942,-1.27742,-1.30856,-1.09698,-1.12293,-1.323,-1.42269,-1.25931,-1.06804,-1.30349,-1.06044,-1.67866,-0.942791,-1.36937,-1.28562,-1.02689,-1.47199,-1.36545,-1.25387,-1.21118,-1.17498,-0.434101,-1.13122,-0.304346,-0.464849,-1.337,-0.637453,-0.592559,-0.0146711,-0.00270434,-0.472034,-0.726412,-1.23563,-1.20943,-1.17732,-1.25616,-1.31719,-1.48317,-1.33842,-1.06867,-1.6471,-1.1799,-1.29351,-1.39735,-1.17439,-1.28998,-1.39479,-1.07111,-0.657284,-0.940252,-1.2657,-0.845459,-1.01955,-0.924528,-1.04089,-1.23924,-1.63263,-1.5395,-1.2491,-1.10102,-1.10721,-0.678377,-0.877697,-1.14513,-1.20247,-1.08759,-1.1565,-0.668988,-0.67931,-0.689165,-1.37835,-1.17702,-1.31684,-1.19633,-1.09508,-1.13146,-0.645817,-0.793416,-0.670128,-0.709427,-0.823024,-0.628332,-1.09746,-0.86873,-0.350807,-0.172872,-0.151908,-0.367196,-0.173252,-0.0136283,-1.58113,-1.27092,-1.36028,-1.18639,-1.06191,-1.03797,-1.0266,-0.687996,-1.12559,-1.1969,-0.629048,-0.326523,-1.13755,-1.55008,-1.2018,-1.19374,-1.42941,-1.24034,-0.675077,-1.4337,-1.32472,-1.23006,-1.13738,-1.13284,-1.21123,-1.25432,-1.23322,-1.17967,-1.10499,-1.15182,-0.900157,-1.01234,-0.52253,-0.556634,-0.174385,-0.183038,-1.10109,-0.705595,-1.37652,-0.653021,-0.394783,-0.992314,-0.523525,-1.26383,-1.29587,-1.24096,-1.20127,-1.16003,-1.15657,-1.07086,-1.12876,-1.36091
-1.14054,-0.196766,-0.769065,-0.195819,-0.870413,-0.17353,-0.0035007,217.398,-0.406054,-0.528028,-1.17773,-1.42378,-1.06031,-0.754611,-1.18079,-0.682037,-1.28359,-1.1489,-1.37201,-1.14763,-1.08877,-1.07614,-1.06777,-1.15321,-1.15585,-1.39677,-1.1904,-1.25624,-1.30744,-1.29914,-1.43029,-1.1977,-1.01707,-1.0699,-0.57821,-0.512966,-1.44566,-1.26961,-1.12881,-1.28957,-1.09703,-1.03675,-1.18952,-0.932496,-1.10156,-1.1476,-1.39778,-1.26453,-1.15095,-1.18031,-1.15112,-1.35794,-1.20814,-1.11112,-1.18625,-0.863372,-1.09063,-1.22463,-1.12613,-1.04454,-1.15289,-1.04265,-1.32397,-1.06821,-0.735004,-1.00048,-1.15514,-1.20054,-1.14151,-1.2686,-1.06572,-1.03606,-1.15711,-1.15883,-1.28591,-0.944863,-1.26494,-0.857167,-1.20916,-0.854023,-1.36286,-1.34955,-1.11925,-1.37257,-1.1654,-1.35395,-1.30079,-1.24845,-3.62917,-1.06517,-0.390419,-2.89013,-1.1689,-0.925922,-1.17178,-0.000858098,-0.0112165,-0.428788,-1.10358,-1.41211,-1.21604,-1.2635,-1.2569,-1.57568,-1.35131,-1.13405,-1.17838,-1.31022,-1.35239,-1.34632,-1.31543,-1.18979,-1.29801,-1.26525,-1.05065,-0.831406,-0.666527,-1.36921,-0.897669,-0.825348,-0.635888,-0.728274,-1.63734,-1.32784,-1.21946,-1.13867,-1.05399,-1.14909,-0.707392,-1.10666,-0.70231,-1.15415,-1.07793,-1.04225,-0.818729,-0.705567,-1.01909,-1.16936,-1.12388,-1.23513,-1.07553,-1.08166,-1.06608,-0.96848,-1.12155,-0.896801,-0.616024,-1.08616,-0.742532,-1.16754,-0.937887,-0.178631,-0.278936,-0.00193925,-0.517446,-0.210984,-0.00968857,-1.39274,-1.19963,-1.18483,-1.08868,-1.09108,-1.02845,-0.867498,-0.623176,-0.959652,-1.09146,-0.519841,-0.28868,-0.813847,-1.42049,-1.20882,-1.08437,-1.29192,-1.31895,-0.845966,-1.26796,-1.571,-1.32594,-1.14412,-1.04985,-1.20669,-1.51663,-1.18559,-1.2382,-1.03735,-0.752756,-1.12624,-0.882462,-0.640678,-0.295107,-0.299165,-0.401775,-1.05274,-0.322982,-0.363891,-1.00734,-2.59375,-0.740352,-0.427447,-1.18324,-1.36523,-1.31852,-1.23001,-1.0514,-1.07368,-1.05641,-1.07119,-1.17106
-1.14743,-0.740038,-0.441703,-0.746865,-0.802276,-0.999028,-0.51567,-0.406054,211.398,-0.225285,-1.21812,-1.11377,-1.09712,-0.903741,-1.3217,-1.09273,-1.21586,-1.17319,-1.17336,-1.11471,-1.1464,-1.13344,-1.15202,-1.09762,-1.14529,-1.15218,-1.12488,-1.18168,-1.10747,-1.10866,-1.13024,-1.22783,-1.02375,-1.00059,-0.80294,-0.864398,-1.13858,-1.14502,-1.06366,-1.13214,-1.09117,-0.849595,-0.820438,-0.880173,-0.962828,-1.0693,-1.2147,-1.11928,-1.07448,-1.06278,-1.07781,-1.17699,-0.827777,-1.08626,-1.18864,-1.08578,-1.09591,-1.05027,-1.08899,-1.12969,-1.07236,-1.13296,-1.22822,-1.09223,-0.97441,-0.858882,-1.31242,-1.24628,-1.2103,-1.13408,-1.09358,-1.09245,-1.28963,-1.23308,-1.17875,-1.03236,-1.13479,-1.09626,-1.27899,-1.0974,-1.141,-1.11719,-0.835056,-1.16452,-1.19144,-1.10514,-1.12534,-1.14674,-0.466018,-1.09228,-0.673595,-0.465538,-1.17708,-0.853604,-0.616647,-0.474614,-0.407389,-0.460977,-0.773742,-1.21347,-1.24491,-1.0941,-1.24857,-1.11111,-1.17498,-1.19527,-1.02118,-1.2115,-1.21513,-1.11829,-1.12323,-1.1741,-1.12362,-1.1294,-1.10214,-0.922377,-1.04764,-1.11115,-1.04112,-1.08685,-1.02155,-0.934171,-1.12261,-1.17247,-1.22974,-1.19853,-1.09942,-1.05563,-1.0165,-0.836019,-0.856759,-1.0629,-1.10303,-1.11905,-0.932671,-1.01842,-0.854034,-1.19587,-1.0624,-1.14756,-1.08286,-1.08582,-1.09182,-0.841597,-0.810067,-0.893934,-1.06787,-0.816153,-0.940372,-1.04862,-0.795394,-0.836892,-0.538045,-0.523267,-0.752382,-0.668785,-0.430511,-1.18307,-1.25437,-1.18191,-1.15217,-1.08214,-1.08611,-1.01876,-1.05875,-1.12032,-1.04668,-1.09615,-1.01926,-0.874283,-1.14116,-1.17743,-1.07889,-1.13616,-1.13581,-0.933256,-1.14552,-1.1144,-1.12736,-1.07069,-1.09997,-1.29372,-1.13012,-1.17468,-1.08449,-1.10806,-0.904881,-0.918453,-1.0115,-0.927773,-0.930957,-0.521855,-0.480101,-1.10005,-0.826135,-0.673123,-0.477503,-0.455385,-0.0841532,-1.3814,-1.19947,-1.11731,-1.13913,-1.17388,-1.11385,-1.10244,-1.09913,-1.11322,-1.18891
-1.08896,-0.978952,-0.543603,-0.972911,-0.790445,-0.735367,-0.422525,-0.528028,-0.225285,210.291,-1.10442,-1.1368,-1.08175,-0.825168,-1.11012,-0.992664,-1.22725,-1.09592,-1.19843,-1.04591,-1.07899,-1.06151,-1.08567,-1.06674,-1.11423,-1.09194,-1.09364,-1.08766,-1.11212,-1.08495,-1.17042,-1.16985,-1.05218,-1.05696,-1.0513,-1.05485,-1.09856,-1.10701,-1.05993,-1.08539,-1.06395,-1.02065,-0.932811,-1.04997,-1.06255,-1.06883,-1.25837,-1.12489,-1.07049,-1.07281,-1.08788,-1.11688,-0.927594,-1.07921,-1.15714,-1.04995,-1.07862,-1.07941,-1.07052,-1.06663,-1.04326,-1.08138,-1.26919,-1.06915,-0.872305,-1.03145,-1.1227,-1.10755,-1.12843,-1.10179,-1.07001,-1.04441,-1.17577,-1.11011,-1.16683,-0.992081,-1.10761,-0.997732,-1.10618,-1.04255,-1.12055,-1.12041,-0.879311,-1.11713,-1.09941,-1.1161,-1.13574,-1.15365,-0.664678,-1.05643,-1.13405,-0.641694,-1.09486,-1.0205,-0.728918,-0.423521,-0.545257,-0.510867,-0.848161,-1.26224,-1.21705,-1.11439,-1.21852,-1.15767,-1.11807,-1.09403,-1.04291,-1.10103,-1.27116,-1.11811,-1.08697,-1.15605,-1.10666,-1.07581,-1.08136,-1.07672,-0.900008,-1.12636,-1.07569,-0.984537,-0.871682,-0.848658,-1.2169,-1.08295,-1.10465,-1.12487,-1.06854,-1.06258,-1.05909,-0.911524,-0.774994,-1.04439,-1.09091,-1.06298,-1.06698,-1.05804,-1.02589,-1.10211,-1.03816,-1.10029,-1.03331,-1.07042,-1.05633,-1.00766,-0.900071,-1.05756,-0.970618,-0.890717,-1.05035,-1.06539,-0.811231,-0.554624,-0.987877,-0.422952,-1.06491,-1.0332,-0.439487,-1.11407,-1.18857,-1.10112,-1.09203,-1.08449,-1.06388,-0.95314,-0.988588,-1.02826,-1.00334,-0.930407,-0.879661,-0.825054,-1.09429,-1.15905,-1.03397,-1.08572,-1.14688,-1.09086,-1.08538,-1.15886,-1.14264,-1.06818,-1.05599,-1.25494,-1.19075,-1.13112,-1.0901,-1.06702,-0.825318,-0.987048,-0.958033,-1.06274,-0.679121,-0.955294,-0.834596,-1.06851,-0.593383,-0.555111,-0.581608,-0.624525,-0.218883,-0.366023,-1.14518,-1.1235,-1.15077,-1.16676,-1.06172,-1.06293,-1.08138,-1.08202,-1.1009
-1.87425,-1.31452,-1.28244,-1.31868,-1.53037,-1.48365,-1.43459,-1.17773,-1.21812,-1.10442,280.696,-0.127476,-1.39129,-2.3589,-0.912266,-2.04896,-0.199395,-1.82719,-0.185377,-1.93233,-2.07799,-2.67724,-1.61361,-1.2385,-1.05083,-0.281558,-1.14183,-0.384528,-0.464139,-0.58046,-0.109802,-0.213511,-1.50884,-1.23388,-1.24213,-1.32202,-0.256776,-0.365129,-1.33785,-0.341809,-1.85958,-1.17864,-1.2817,-1.22537,-1.17047,-1.3137,-0.38995,-0.460312,-1.39801,-1.19212,-1.2067,-0.458515,-1.34594,-1.39192,-0.274722,-2.04485,-1.53801,-1.00513,-1.72006,-3.12168,-1.78838,-2.07726,-0.300044,-1.6226,-4.19875,-1.19071,-0.861456,-1.2237,-0.494638,-0.440941,-1.62027,-2.53105,-0.410046,-0.430763,-0.0620887,-6.46893,-0.47506,-4.26672,-1.02268,-2.21126,-0.0187514,-0.217736,-1.49942,-0.305048,-1.41868,-0.281684,-0.294846,-0.295555,-1.21503,-2.03854,-1.24653,-1.22921,-1.2244,-1.20477,-1.31283,-1.38545,-1.17057,-1.36159,-1.28187,-0.396066,-0.202352,-0.627801,-0.375011,-0.180575,-0.370432,-2.17334,-1.06581,-0.878866,-0.29254,-0.24827,-0.313313,-0.349488,-0.363534,-0.474454,-1.44204,-1.26417,-3.0752,-0.199009,-1.44414,-4.31423,-3.29689,-3.7498,-0.271579,-0.463667,-1.21828,-0.621656,-1.75213,-1.19022,-1.51716,-1.5298,-1.85871,-1.51964,-1.35415,-2.70904,-1.35864,-1.52374,-1.18476,-1.92187,-1.63419,-0.552897,-2.60837,-1.49588,-2.03083,-1.18745,-1.33936,-1.25569,-2.03353,-1.43293,-1.42075,-1.07959,-1.52257,-1.63286,-1.19955,-1.4424,-1.23648,-1.27387,-1.29797,-0.634984,-0.288497,-0.949372,-1.40358,-1.20928,-1.61549,-11.3584,-1.89909,-5.3617,-1.84534,-1.87026,-1.5526,-2.05692,-0.235155,-0.249916,-2.34749,-0.376079,-0.238798,-1.25552,-0.449945,-0.168829,-0.208162,-1.3444,-2.28378,-0.352951,-0.162087,-0.476369,-0.701692,-1.93575,-2.37198,-1.24955,-7.12036,-1.26002,-1.8808,-1.1917,-1.17686,-1.76123,-1.63189,-1.6019,-1.30638,-1.23267,-1.18616,-1.21557,-0.45444,-0.241167,-0.268943,-0.258419,-2.66652,-2.22324,-1.41587,-1.76769,-1.1692
-0.630749,-1.29313,-1.49401,-1.29146,-1.78153,-1.2421,-1.28981,-1.42378,-1.11377,-1.1368,-0.127476,406.709,-1.35868,-1.58267,-0.397695,-1.25922,-0.343533,-0.333791,-0.640617,-1.35683,-0.672185,-0.884495,-0.706915,-1.56232,-0.708061,-0.37091,-0.874521,-0.115282,-1.40605,-0.66045,-0.928983,-0.276256,-2.74356,-3.20966,-1.52874,-1.45769,-0.449979,-0.302049,-2.57613,-0.255911,-1.47827,-2.08691,-2.55631,-1.95759,-2.71172,-2.40221,-0.757241,-0.949739,-2.18259,-3.16723,-2.08322,-0.458296,-2.66962,-1.67629,-0.183782,-1.34495,-1.42776,-6.39197,-1.63638,-0.94398,-1.56526,-0.950698,-0.492211,-1.47208,-1.58815,-2.04641,-0.317308,-0.245144,-0.149763,-0.721414,-1.44334,-1.40786,-0.236776,-0.0966593,-0.202898,-2.05633,-0.454516,-1.214,-0.368646,-1.26644,-0.411661,-0.826864,-2.19448,-0.565743,-0.144819,-4.2264,-1.08338,-0.587085,-1.50789,-1.41555,-1.31978,-1.50306,-0.366345,-2.02426,-1.72593,-1.32413,-1.4258,-1.45615,-2.10411,-0.763051,-0.301015,-1.92953,-0.44179,-1.15444,-0.487451,-0.305157,-143.563,-0.488437,-0.517701,-0.874414,-0.320145,-0.434212,-1.00814,-0.489028,-1.27365,-1.69175,-1.30263,-1.72394,-1.56213,-1.23844,-1.36253,-1.78447,-0.862759,-0.375636,-0.272783,-0.341018,-1.32773,-3.4013,-1.42218,-3.23936,-1.52823,-1.96324,-1.27492,-1.02244,-1.78656,-1.4172,-2.07027,-0.115174,-1.95985,-0.555553,-1.33595,-1.6313,-1.42521,-2.07032,-2.5886,-1.91235,-1.32344,-2.77212,-1.7449,-4.59765,-2.08335,-1.24115,-1.39155,-1.28532,-1.46283,-1.31737,-1.37626,-0.683504,-0.306128,-0.177355,-0.672356,-1.66615,-1.69399,-1.94515,-1.34809,-1.06248,-1.80453,-1.24671,-1.27439,-1.71471,-0.4498,-0.197514,-1.41692,-0.158749,-0.322283,-1.63349,-0.152796,-1.15518,-0.542057,-2.30422,-1.26964,-0.381249,-0.824133,-0.440603,-2.73552,-1.18627,-1.57915,-4.26251,-2.20437,-1.49492,-1.26743,-1.40582,-1.45042,-1.31522,-1.23271,-1.27649,-1.47097,-1.5122,-1.18767,-1.11538,-0.13779,-0.700992,-0.344505,-0.155718,-1.07643,-1.24532,-1.32356,-1.15813,-0.149703
-1.27414,-1.2205,-1.06949,-1.22156,-0.932021,-1.22281,-1.06982,-1.06031,-1.09712,-1.08175,-1.39129,-1.35868,315.77,-0.956703,-1.17291,-1.26073,-2.95157,-1.31437,-2.82683,-1.26851,-0.858726,-0.918304,-1.06723,-1.01035,-3.87225,-1.18142,-1.48905,-1.17627,-1.28042,-0.985102,-1.63398,-4.44332,-1.6009,-0.872366,-1.1891,-1.2497,-1.18912,-1.6753,-0.0328538,-1.1112,-0.691185,-1.02743,-0.960092,-1.13423,-0.938825,-0.55457,-2.62975,-1.8182,-0.852465,-0.684414,-1.30311,-1.6717,-0.98598,-1.15648,-6.45556,-1.45234,-1.59003,-0.678139,-1.26032,-0.867359,-0.603494,-1.14991,-2.15414,-0.0885235,-1.18291,-1.05988,-1.25127,-1.32388,-1.98067,-1.5964,-0.105237,-0.594358,-1.95957,-1.36676,-6.97851,-1.67701,-1.65844,-1.02082,-1.24395,-1.29348,-1.67052,-1.4181,-0.92173,-1.68079,-1.38119,-1.24478,-1.87119,-2.90464,-1.07372,-0.071951,-1.19573,-1.06779,-1.49898,-1.08376,-1.03888,-1.06135,-1.06516,-1.07135,-0.959454,-2.56004,-2.91938,-1.10566,-4.40996,-1.27952,-1.75299,-1.3136,-0.5776,-1.40766,-2.0099,-1.44228,-1.10281,-5.87045,-1.5131,-1.05316,-0.560246,-1.20043,-1.12144,-1.3307,-1.35644,-0.952197,-1.12809,-1.19815,-1.30747,-1.16072,-1.39283,-2.39402,-0.0967805,-0.0314966,-1.33622,-1.08613,-0.944081,-0.344656,-14.3793,-0.538827,-1.33861,-1.33581,-1.04352,-1.38384,-0.0309165,-1.72339,-0.0199307,-0.0738885,-0.0570418,-1.04219,-0.969461,-1.18758,-1.3058,-1.00931,-1.40225,-0.0212317,-0.999403,-1.15726,-1.16649,-1.07191,-1.18892,-1.20972,-1.05205,-1.58991,-3.45001,-1.50584,-1.33463,-0.119879,-12.8069,-1.32691,-1.34096,-0.68633,-0.513766,-1.21656,-1.24884,-0.93848,-1.1869,-8.96016,-0.0545317,-1.11052,-2.19742,-1.19907,-1.13536,-1.30571,-1.83488,-0.567087,-0.0713722,-2.13929,-1.50439,-6.23233,-0.801705,-0.070516,-0.957891,-0.81396,-1.51113,-1.209,-1.1377,-1.15798,-1.12993,-0.0914536,-1.13472,-1.10217,-1.06045,-1.07169,-1.04743,-1.10082,-3.77817,-1.41768,-2.36622,-5.94644,-0.559791,-0.656336,-0.968095,-1.81349,-1.44798
-1.6053,-0.581671,-0.818936,-0.583119,-0.649886,-0.668076,-1.1524,-0.754611,-0.903741,-0.825168,-2.3589,-1.58267,-0.956703,253.367,-3.18824,-0.300292,-1.34818,-1.8015,-1.46573,-2.06231,-1.4451,-1.51237,-1.31057,-1.43231,-1.34929,-3.46742,-1.54395,-3.27854,-1.51061,-1.9442,-1.44084,-1.55708,-0.600933,-0.564807,-0.260876,-0.265291,-2.93287,-1.91996,-1.08529,-2.31753,-1.18741,-0.141368,-0.181083,-0.13734,-0.443004,-1.11855,-1.42025,-1.37146,-1.16835,-1.12472,-1.05211,-2.8384,-0.296096,-1.05759,-1.37566,-0.497792,-1.06686,-1.0729,-1.22356,-1.24318,-1.53647,-1.11701,-1.29495,-1.03978,-0.53486,-0.13973,-2.51486,-2.90901,-1.60773,-1.83269,-1.03402,-1.1574,-1.66181,-2.21069,-1.54613,-0.82738,-1.7541,-0.736106,-3.52564,-0.528886,-1.99849,-1.62769,-0.423865,-2.57443,-2.04791,-1.53151,-1.41034,-1.30559,-0.706262,-1.14376,-0.562217,-0.735294,-1.98856,-0.00444552,-0.561925,-1.11657,-0.736598,-0.957707,-0.364275,-1.42087,-1.37137,-1.24557,-1.5051,-1.59907,-2.66663,-1.95248,-0.980331,-4.2844,-1.28074,-1.66434,-2.2233,-1.30916,-1.72321,-2.35007,-0.959417,-0.133276,-0.267267,-1.53657,-0.387632,-0.60956,-0.0115741,-0.0210602,-1.36618,-4.35276,-3.01796,-1.55417,-1.04498,-1.04865,-0.14102,-0.225318,-1.66416,-1.36092,-0.985301,-1.1858,-0.138562,-0.141358,-0.140434,-2.07826,-1.30501,-1.89215,-1.40482,-1.02835,-1.14466,-0.00628253,-0.00604574,-0.136989,-0.00386816,-0.00291621,-0.00172412,-1.01238,-0.537891,-0.901011,-0.562912,-1.15436,-0.363626,-0.569427,-0.984306,-3.36993,-1.55938,-2.04143,-1.33985,-0.935112,-0.941468,-0.734571,-0.00896601,-1.18678,-1.54459,-0.309518,-0.459707,-0.0519593,-3.02032,-1.36243,-1.39252,-2.443,-1.46157,-0.198246,-2.5041,-1.62067,-1.43504,-1.12653,-1.14668,-1.34882,-1.43814,-1.51285,-1.29812,-1.05344,-0.491735,-0.418484,-0.700507,-0.236989,-0.748727,-0.565676,-0.583689,-1.04504,-0.953517,-1.12688,-0.876297,-0.725607,-1.04133,-0.889049,-1.54638,-1.64287,-1.45759,-1.3464,-1.20285,-1.19834,-0.959259,-1.09484,-2.03024
-1.18102,-1.34682,-1.3248,-1.35359,-1.64846,-1.68296,-1.72492,-1.18079,-1.3217,-1.11012,-0.912266,-0.397695,-1.17291,-3.18824,264.48,-2.25766,-0.225761,-1.1026,-0.241611,-1.32592,-1.30281,-1.42444,-1.23229,-1.06931,-0.942924,-0.327948,-0.979577,-0.726165,-0.642322,-0.744483,-0.303223,-0.453223,-1.27138,-1.11906,-1.1986,-1.29235,-0.290626,-0.66077,-1.14106,-0.685984,-1.31677,-1.11217,-1.22167,-1.14689,-1.08171,-1.11637,-0.0792454,-0.646382,-1.14496,-1.05397,-1.05151,-0.355703,-1.27796,-1.14673,-0.581614,-1.75033,-1.20943,-0.952081,-1.25823,-1.65862,-1.35432,-1.44562,-0.105409,-1.25675,-10.9556,-1.12026,-0.64125,-0.814979,-0.799078,-0.675144,-1.2572,-1.5372,-0.375622,-0.944436,-0.405601,-2.51228,-0.692787,-3.50421,-0.550922,-1.91713,-0.437149,-0.514398,-1.49152,-0.349034,-0.990647,-0.526297,-0.532789,-0.534006,-1.21067,-1.38935,-1.24016,-1.23531,-0.966555,-1.13578,-1.32783,-1.5956,-1.16744,-1.47142,-1.26474,-0.0468049,-0.270798,-0.724898,-0.220328,-0.218196,-0.363484,-1.11555,-1.01839,-0.363417,-0.11227,-0.528044,-0.638416,-0.58716,-0.613559,-0.761494,-1.20101,-1.18977,-6.78459,-0.48401,-1.30536,-3.52639,-11.3049,-5.25984,-0.139384,-0.484686,-0.715588,-0.809751,-1.30955,-1.07185,-1.46332,-1.42433,-2.37447,-1.24469,-1.14461,-1.56542,-1.26011,-1.47153,-1.11617,-0.999429,-1.29853,-0.746322,-1.58086,-1.20472,-1.38692,-1.12344,-1.2855,-1.17148,-2.18311,-1.36764,-1.32251,-1.01438,-1.5513,-2.18116,-1.17342,-1.74574,-1.20077,-1.28114,-1.4014,-0.24034,-0.334891,-0.905631,-1.13965,-1.07849,-1.2786,-3.13233,-1.95895,-2.175,-1.5028,-2.20687,-1.72888,-2.41113,-0.324264,-0.551713,-1.5212,-0.692857,-0.490929,-1.18274,-0.752637,-0.201457,-0.487889,-1.12997,-1.46021,-0.123513,-0.193718,-0.692694,-0.79796,-1.38348,-3.22717,-1.16926,-2.7477,-1.21653,-2.95459,-1.16303,-1.14546,-1.31362,-2.21473,-2.12382,-1.36987,-1.23865,-1.26172,-1.31108,-0.664174,-0.499675,-0.488928,-0.516926,-1.53895,-1.4218,-1.18585,-1.29946,-0.955506
-1.53439,-1.01083,-0.603818,-1.01922,-0.469288,-1.26626,-0.803943,-0.682037,-1.09273,-0.992664,-2.04896,-1.25922,-1.26073,-0.300292,-2.25766,253.287,-2.0939,-1.74948,-1.69054,-1.44457,-1.61785,-1.56886,-1.79267,-1.2759,-1.56779,-1.37454,-1.34706,-1.56771,-1.22728,-1.19114,-1.38109,-2.55668,-0.759774,-0.65084,-0.501953,-0.613777,-1.31999,-1.48524,-0.997943,-1.33944,-1.13036,-0.111493,-0.101159,-0.125814,-0.390518,-0.98954,-1.92914,-1.33859,-1.00306,-0.936489,-1.02951,-1.59652,-0.0344475,-1.10915,-2.04343,-1.08051,-1.18462,-0.868651,-1.0898,-1.42563,-0.946337,-1.51746,-2.04321,-1.21095,-0.185159,-0.117048,-2.66135,-2.08724,-2.34263,-1.44781,-1.22311,-1.25769,-3.90332,-2.2415,-1.8105,-0.593468,-1.4166,-0.922228,-2.10359,-1.24558,-1.43481,-1.29856,-0.0344567,-1.54864,-1.88418,-1.25739,-1.40738,-1.58989,-0.557882,-1.19336,-0.819442,-0.555759,-1.81146,-0.272036,-0.400056,-0.758555,-0.685428,-0.625148,-0.445527,-1.89491,-2.65143,-1.14794,-2.63285,-1.2405,-1.6149,-2.00533,-0.87804,-1.73062,-1.89245,-1.30556,-1.28977,-1.90646,-1.37663,-1.3519,-1.30886,-0.147956,-0.289813,-1.26162,-0.694629,-0.983547,-0.57443,-0.372342,-1.28116,-1.4658,-1.97828,-2.25473,-1.27393,-0.952257,-0.27256,-0.108982,-0.534035,-0.927863,-1.25211,-1.36549,-0.161521,-0.277567,-0.113439,-1.89841,-0.966034,-1.5543,-1.07358,-1.15887,-1.18954,-0.259578,-0.233653,-0.133628,-5.63484,-0.240105,-0.412258,-0.914708,-0.474429,-1.03011,-0.748755,-0.812488,-0.56258,-0.922843,-0.706967,-1.60703,-2.98325,-1.79651,-1.75743,-1.13212,-1.32769,-0.759691,-1.98483,-1.58737,-0.959182,-4.2452,-1.38514,-0.273961,-1.34395,-1.88192,-1.05122,-1.34034,-1.42866,-0.0497084,-1.39844,-1.25124,-1.38011,-0.997498,-1.25653,-3.3291,-1.34004,-1.91309,-1.13808,-1.35555,-0.301436,-0.444321,-0.740766,-0.751996,-0.939793,-0.726267,-0.667393,-1.27968,-0.906098,-0.758143,-0.565277,-0.566456,-0.839308,-1.08574,-2.143,-1.28329,-1.44672,-1.80185,-1.31199,-1.216,-1.27949,-1.31672,-1.86757
-0.964745,-1.67015,-1.28579,-1.66946,-1.28389,-1.55928,-1.20324,-1.28359,-1.21586,-1.22725,-0.199395,-0.343533,-2.95157,-1.34818,-0.225761,-2.0939,289.683,-0.654155,-0.237386,-1.00172,-1.08301,-1.12834,-1.27877,-1.23963,-1.43984,-0.0226323,-1.05444,-0.158613,-0.761155,-0.568228,-0.295439,-0.430366,-4.95697,-3.28624,-2.12705,-2.26144,-0.0172012,-0.468831,-1.7857,-0.365073,-1.71718,-2.08458,-1.62893,-2.55831,-2.72755,-1.77078,-1.19188,-1.0571,-1.72678,-1.68257,-2.28436,-0.10392,-1.60254,-2.2497,-1.08613,-3.27642,-2.23771,-1.6053,-1.73209,-1.47666,-1.1851,-1.80185,-0.803771,-2.23055,-1.60282,-2.22129,-0.138019,-0.040988,-0.543605,-0.573942,-2.26399,-1.71743,-0.06287,-0.182692,-0.490277,-2.18145,-0.614871,-1.72959,-0.160822,-2.65914,-0.238277,-0.491472,-1.38876,-0.0914202,-0.410291,-0.58007,-0.832088,-1.4175,-1.33638,-1.7663,-1.66714,-1.31465,-0.523772,-2.29394,-1.36807,-1.19928,-1.29887,-1.25697,-1.43142,-1.05073,-0.338996,-1.26348,-0.777827,-0.177537,-0.0908016,-0.495752,-1.55857,-0.18579,-0.764461,-0.511519,-0.386324,-1.83877,-0.586574,-0.432006,-2.85478,-3.02799,-1.62592,-0.497379,-9.10272,-1.75767,-1.60323,-1.60763,-0.324195,-0.181503,-0.104705,-0.726995,-2.16545,-1.76935,-3.17405,-1.71892,-1.25732,-1.26645,-2.93918,-1.57227,-3.5887,-3.15166,-2.15002,-0.392024,-1.33674,-0.575406,-1.27936,-2.29141,-1.76428,-2.11964,-1.59183,-2.80975,-2.26821,-1.61354,-3.80938,-1.73909,-1.39503,-1.35836,-1.60933,-1.20514,-1.93823,-1.67417,-1.20874,-0.17274,-0.186422,-0.427669,-1.24888,-3.12538,-3.14452,-1.94232,-2.47552,-1.44917,-1.19097,-1.89571,-1.78433,-1.33846,-0.0687353,-1.25398,-1.29088,-0.344706,-0.692559,-2.99445,-0.345815,-0.00395724,-0.667268,-1.76473,-1.72614,-0.41438,-0.0182875,-0.916715,-1.14029,-2.02868,-1.34931,-1.79225,-2.09531,-2.56776,-1.40353,-1.58968,-1.51581,-2.15973,-1.32108,-1.26259,-1.26116,-1.32384,-1.12489,-1.22735,-0.689876,-0.46834,-0.730145,-1.40917,-1.57598,-1.66354,-2.8993,-2.10792,-0.423693
-1.9528,-1.27283,-1.21679,-1.27599,-1.36925,-1.38643,-1.31532,-1.1489,-1.17319,-1.09592,-1.82719,-0.333791,-1.31437,-1.8015,-1.1026,-1.74948,-0.654155,311.408,-0.684119,-2.31657,-3.04445,-8.68198,-1.81923,-1.3199,-0.588771,-0.766141,-0.617797,-0.86332,-0.0531541,-0.101223,-0.496695,-1.07082,-1.48868,-1.15173,-1.20929,-1.28123,-0.69442,-0.53733,-1.19613,-0.41415,-1.89126,-1.11279,-1.18252,-1.1672,-1.06513,-1.09248,-0.831619,-0.246107,-1.16912,-0.932608,-0.992598,-1.23029,-1.22951,-1.22995,-0.409348,-1.88748,-1.43579,-0.759822,-1.6346,-4.04889,-1.36203,-2.01078,-0.685962,-1.66391,-2.63443,-1.12789,-1.14989,-1.38268,-0.823006,-0.73651,-1.65994,-3.83936,-1.09437,-1.46211,-0.684889,-14.195,-0.254068,-2.78665,-1.22887,-1.96653,-0.658296,-0.302749,-1.31182,-1.08487,-2.54823,-0.428379,-0.47089,-0.480473,-1.16347,-2.40984,-1.21025,-1.17175,-4.60131,-1.15893,-1.2269,-1.28394,-1.14508,-1.26858,-1.21623,-0.813678,-0.747172,-0.262706,-1.0099,-0.526871,-1.26791,-3.02058,-1.01157,-1.42894,-0.664143,-0.372824,-0.434822,-0.610706,-0.589875,-0.674376,-1.37845,-1.20557,-2.17169,-0.268237,-1.36245,-2.87703,-2.28207,-2.58661,-0.570895,-0.929807,-1.62612,-1.26148,-1.87528,-1.02025,-1.42468,-1.40746,-1.55067,-1.18146,-1.17888,-3.76414,-1.30532,-1.4296,-1.1204,-1.86018,-1.41281,-1.02199,-2.53303,-1.4657,-2.38784,-1.13799,-1.24489,-1.19981,-1.80455,-1.32751,-1.38429,-0.899186,-1.3989,-1.45347,-1.17945,-1.32056,-1.20155,-1.24178,-1.22725,-1.31479,-1.09388,-2.70977,-1.46208,-1.08378,-1.85153,-8.15678,-1.72726,-5.25957,-1.63196,-1.67378,-1.44696,-1.6577,-0.735067,-0.375404,-2.21734,-0.377134,-0.277607,-1.1895,-0.435549,-0.512171,-0.286901,-1.12843,-3.04376,-0.798,-0.508855,-0.940136,-0.505444,-2.17288,-1.80772,-1.16562,-8.74687,-1.24487,-1.59433,-1.17209,-1.15594,-1.89164,-1.43379,-1.40645,-1.22114,-1.17808,-1.13831,-1.17035,-0.588513,-0.263301,-0.2862,-0.306393,-3.96186,-2.7042,-1.3464,-1.73882,-3.56627
-1.04504,-1.51762,-1.39787,-1.5156,-1.47341,-1.41695,-1.24054,-1.37201,-1.17336,-1.19843,-0.185377,-0.640617,-2.82683,-1.46573,-0.241611,-1.69054,-0.237386,-0.684119,331.562,-1.12163,-1.06808,-1.13492,-1.1473,-1.60509,-1.51489,-0.0889466,-1.34329,-0.214114,-1.32143,-0.790184,-0.486716,-0.241559,-15.5131,-10.7067,-1.96869,-1.93649,-0.092864,-0.598644,-2.80268,-0.449852,-2.06168,-2.48928,-2.09978,-2.75757,-4.46292,-2.81472,-1.09995,-2.13549,-2.60842,-2.93607,-4.15985,-0.19956,-2.07704,-3.03569,-0.790746,-2.19487,-2.55752,-3.17673,-2.23612,-1.42787,-1.52057,-1.60023,-0.424769,-2.48442,-1.643,-2.58476,-0.159141,-0.113004,-0.473127,-0.714343,-2.47059,-1.83896,-0.141027,-0.179674,-0.68455,-2.36643,-0.848682,-1.57076,-0.188432,-1.95034,-0.315503,-0.808805,-1.70838,-0.0442685,-0.413002,-0.91772,-1.8162,-2.88681,-1.45647,-1.98249,-1.55281,-1.43595,-0.504181,-2.59306,-1.55558,-1.25429,-1.38495,-1.35514,-1.72332,-1.14051,-0.0195641,-2.88154,-0.425186,-0.287657,-0.117206,-0.448722,-2.65284,-0.196182,-0.539988,-0.824143,-0.496298,-1.20238,-0.804505,-0.486223,-2.54834,-2.64236,-1.51374,-0.877444,-3.24669,-1.58341,-1.52304,-1.71317,-0.488499,-0.213413,-0.112562,-0.586371,-2.21165,-3.11752,-2.18955,-2.26899,-1.36736,-1.71279,-2.76416,-1.53746,-2.93163,-2.17658,-2.53878,-0.414465,-1.76333,-0.653364,-1.48035,-2.81909,-1.98843,-2.48066,-2.02725,-2.84957,-1.77925,-2.06542,-2.84037,-3.35152,-1.64924,-1.30983,-1.5716,-1.23955,-1.81323,-1.5423,-1.28685,-0.190258,-0.0170629,-0.444553,-1.14526,-4.33306,-3.15846,-2.05958,-1.86938,-1.34718,-1.45209,-1.56072,-1.54034,-1.50359,-0.0107357,-1.00029,-1.52743,-0.442188,-1.65672,-2.55986,-0.429838,-0.146176,-1.55561,-2.73946,-1.81743,-0.256681,-0.227956,-0.833305,-1.98916,-1.92889,-1.46524,-2.6694,-2.29481,-2.11206,-1.34717,-1.57097,-1.55484,-2.19102,-1.29128,-1.2791,-1.37439,-1.44412,-1.15992,-1.18236,-0.644825,-0.812572,-1.84757,-1.23435,-1.59059,-1.80786,-2.69975,-2.04245,-0.430213
-2.73325,-1.15467,-1.28742,-1.15628,-1.45702,-1.2266,-1.28438,-1.14763,-1.11471,-1.04591,-1.93233,-1.35683,-1.26851,-2.06231,-1.32592,-1.44457,-1.00172,-2.31657,-1.12163,408.703,-1.66307,-1.26512,-1.03851,-1.46718,-1.81435,-2.63744,-3.07812,-3.50764,-1.73231,-3.42072,-0.981096,-1.15481,-1.44902,-1.22658,-1.11733,-1.1389,-2.27012,-3.68657,-1.83898,-5.23446,-2.64118,-1.20786,-1.43809,-1.2076,-1.29329,-2.13881,-1.09375,-1.33253,-2.51154,-2.10693,-1.82962,-10.2383,-1.58921,-1.83295,-1.08111,-1.48695,-1.84409,-1.73646,-2.97914,-2.15838,-9.31692,-1.76987,-0.918171,-1.60338,-2.57164,-1.20509,-1.30738,-1.91171,-1.29631,-2.26014,-1.57134,-1.94094,-1.20249,-1.62965,-1.41462,-5.5559,-2.83189,-1.94475,-1.60451,-1.51556,-2.49407,-1.54053,-1.8097,-5.18101,-2.13489,-1.00862,-0.929874,-0.798419,-1.25984,-2.14254,-1.16104,-1.27573,-2.03748,-1.14363,-1.37045,-1.27643,-1.13942,-1.34363,-1.23928,-1.12905,-0.93825,-1.38707,-1.20684,-1.1051,-10.352,-1.3828,-0.914956,-2.9359,-0.90717,-1.65789,-3.36682,-0.808787,-1.59425,-4.36466,-1.25933,-1.17501,-1.74628,-1.29583,-1.21015,-1.77443,-1.77502,-2.80886,-0.901029,-2.57774,-2.23944,-1.02428,-1.57682,-1.5939,-1.23544,-1.83553,-1.57297,-4.21424,-1.46883,-2.03072,-1.25324,-1.23685,-1.20717,-2.27344,-3.81908,-2.94843,-6.16512,-1.58058,-2.15635,-1.14433,-1.44125,-1.21708,-1.32766,-1.57885,-1.20892,-1.39895,-1.50518,-1.33486,-1.12912,-1.28536,-1.1424,-1.14165,-1.24014,-4.75921,-1.14978,-2.65977,-1.15351,-1.22508,-0.986873,-4.76216,-1.2921,-1.14227,-3.56464,-1.15315,-1.19994,-2.02709,-2.27566,-1.08586,-6.80413,-6.31552,-1.39747,-1.19186,-10.8152,-1.1629,-1.2048,-2.20022,-2.01801,-0.928344,-1.04002,-1.11388,-1.1461,-1.5293,-2.06348,-1.2899,-6.50167,-0.987679,-1.39345,-1.13064,-1.14308,-1.57139,-1.38061,-1.42364,-1.34433,-1.26617,-1.16795,-1.12062,-1.52858,-1.68341,-1.44852,-1.16086,-2.21716,-2.49269,-1.27021,-1.88735,-2.25422
